-1 2L 64293758 5075 1 2R 58234701 4573 1 3R 185705115 5328 1
1 2L 64293758 835 1 2R 58234701 863 1 3R 185705115 859 1
1 2L 64294797 4036 1 2R 58236216 3058 1 3R 185706289 4154 1
-2 2L 66390760 10035 1 2R 48062549 9752 1 3R 135611252 7564 1
1 2L 66390760 5711 1 2R 48062549 5825 1 3R 135611252 4760 1
1 2L 66396906 3889 1 2R 48068974 3327 1 3R 135616726 2090 1
-3 2L 68723748 6168 1 2R 36525033 9758 -1 3R 152005510 10680 1
1 2L 68723748 2242 1 2R 36532794 1997 -1 3R 152005510 2033 1
1 2L 68726480 658 1 2R 36531276 1133 -1 3R 152007860 1285 1
1 2L 68728075 1841 1 2R 36525033 5592 -1 3R 152009687 6503 1
-4 2L 74481184 4946 1 2R 55579914 6339 1 3R 182839538 3993 1
1 2L 74481184 2418 1 2R 55579914 2917 1 3R 182839538 1577 1
1 2L 74483895 2235 1 2R 55582991 3262 1 3R 182841690 1841 1
-5 2L 77463934 6425 1 2R 40311668 11297 1 3R 141145605 13005 1
1 2L 77463934 2079 1 2R 40311668 1940 1 3R 141145605 1995 1
1 2L 77466380 3979 1 2R 40313921 9044 1 3R 141148439 10171 1
-6 2L 80720790 18845 1 2R 53177394 18624 1 3R 171214066 15476 -1
1 2L 80720790 1215 1 2R 53177394 4645 1 3R 171228279 1263 -1
1 2L 80722616 17019 1 2R 53182067 13951 1 3R 171214066 13491 -1
-7 2L 81120718 3363 1 2R 49661809 4077 -1 3R 154347025 3826 -1
1 2L 81120718 2565 1 2R 49662953 2933 -1 3R 154348574 2277 -1
1 2L 81123412 669 1 2R 49661809 1005 -1 3R 154347025 914 -1
-8 2L 84021443 14657 1 2R 33884047 4858 1 3R 156180902 4759 1
1 2L 84021443 11896 1 2R 33884047 2504 1 3R 156180902 1591 1
1 2L 84033846 2254 1 2R 33886567 2338 1 3R 156183286 2375 1
-9 2L 89033164 4566 1 2R 46426560 5278 -1 3R 181840258 4422 -1
1 2L 89033164 882 1 2R 46430635 1203 -1 3R 181843717 963 -1
1 2L 89034219 3511 1 2R 46426560 3626 -1 3R 181840258 2556 -1
-10 2L 89999614 401713 1 2R 31487500 439273 1 3R 139722938 440394 1
1 2L 89999614 3162 1 2R 31487500 3254 1 3R 139722938 2935 1
1 2L 90003414 1137 1 2R 31490887 1435 1 3R 139726503 1278 1
1 2L 90394803 3825 1 2R 31919044 4660 1 3R 140155569 4694 1
1 2L 90399471 1856 1 2R 31923987 2786 1 3R 140161178 2154 1
-11 2L 90405348 4350 1 2R 54431444 4314 -1 3R 148582493 4492 1
1 2L 90405348 1211 1 2R 54434703 1055 -1 3R 148582493 1352 1
1 2L 90406724 2974 1 2R 54431444 3098 -1 3R 148584185 2800 1
-12 2L 94376113 2989 1 2R 37841937 3270 -1 3R 160314652 3120 1
1 2L 94376113 1272 1 2R 37843959 1248 -1 3R 160314652 1298 1
1 2L 94377615 1487 1 2R 37841937 1493 -1 3R 160316282 1490 1
-13 2L 94950200 3722 1 2R 41954613 3943 -1 3R 161044925 3824 1
1 2L 94950200 1316 1 2R 41957297 1259 -1 3R 161044925 1250 1
1 2L 94951837 2085 1 2R 41954613 2016 -1 3R 161046789 1960 1
-14 2L 98220096 4391 1 2R 34270321 4760 -1 3R 156662294 4833 -1
1 2L 98220096 1379 1 2R 34273251 1830 -1 3R 156665140 1987 -1
1 2L 98221836 2651 1 2R 34270321 2873 -1 3R 156662294 2703 -1
-15 2L 98872380 4139 1 2R 40285328 3824 -1 3R 141119825 4336 -1
1 2L 98872380 1821 1 2R 40288240 912 -1 3R 141122569 1592 -1
1 2L 98874468 2051 1 2R 40285328 2216 -1 3R 141119825 2150 -1
-16 2L 99017630 3701 1 2R 40078741 4264 1 3R 140909994 4315 1
1 2L 99017630 1750 1 2R 40078741 2449 1 3R 140909994 2001 1
1 2L 99019793 1538 1 2R 40081401 1604 1 3R 140912486 1823 1
-17 2L 100115405 2236 1 2R 16721151 4861 1 3R 137328049 2358 -1
1 2L 100115405 761 1 2R 16721151 3248 1 3R 137329601 806 -1
1 2L 100116211 1430 1 2R 16724487 1525 1 3R 137328049 1504 -1
-18 2L 101366325 2020 1 2R 39612808 6362 -1 3R 172486798 4375 1
1 2L 101366325 1064 1 2R 39615820 3350 -1 3R 172486798 3103 1
1 2L 101367561 784 1 2R 39612808 3001 -1 3R 172490357 816 1
-19 2L 101612788 6388 1 2R 24769676 5371 -1 3R 143441010 4825 -1
1 2L 101612788 2846 1 2R 24772075 2972 -1 3R 143443371 2464 -1
1 2L 101616065 3111 1 2R 24769676 2053 -1 3R 143441010 2001 -1
-20 2R 12375952 10656 1 3R 124850005 14969 1 2R 58275101 11344 1
1 2R 12375952 6347 1 3R 124850005 10769 1 2R 58275101 7352 1
1 2R 12382984 3624 1 3R 124861069 3905 1 2R 58282795 3650 1
-21 2R 12394202 3834 1 3R 124889421 5822 1 2R 58302669 3853 -1
1 2R 12394202 2044 1 3R 124889421 2129 1 2R 58304638 1884 -1
1 2R 12396614 1422 1 3R 124891910 3333 1 2R 58302669 1410 -1
-22 2R 12833473 7860 1 3R 125649408 8587 1 2R 59047773 7982 1
1 2R 12833473 1556 1 3R 125649408 2511 1 2R 59047773 2509 1
1 2R 12835749 1026 1 3R 125652312 1121 1 2R 59050443 1076 1
1 2R 12836878 4455 1 3R 125653444 4551 1 2R 59051593 4162 1
-23 2R 14635820 262574 1 3R 103749913 245890 -1 2R 26004485 308932 1
1 2R 14635820 7001 1 3R 103988364 7439 -1 2R 26004485 7066 1
1 2R 14643671 4693 1 3R 103982273 6064 -1 2R 26012112 6483 1
1 2R 14880939 6262 1 3R 103754139 6336 -1 2R 26300448 7168 1
1 2R 14887822 10572 1 3R 103749913 4201 -1 2R 26307671 5746 1
-24 2R 15134027 3866 1 3R 103462697 3815 1 2R 24518016 4943 1
1 2R 15134027 2301 1 3R 103462697 2460 1 2R 24518016 3509 1
1 2R 15136577 1316 1 3R 103465233 1279 1 2R 24521615 1344 1
-25 2R 15371298 4743 1 3R 134950501 5085 1 2R 39409550 5327 1
1 2R 15371298 1631 1 3R 134950501 1843 1 2R 39409550 1784 1
1 2R 15373124 2917 1 3R 134952359 3227 1 2R 39412272 2605 1
-26 2R 15672756 7642 1 3R 135310511 9202 1 2R 29680414 2936 1
1 2R 15672756 5330 1 3R 135310511 7047 1 2R 29680414 669 1
1 2R 15678413 1985 1 3R 135317764 1949 1 2R 29681293 2057 1
-27 2R 16552677 7017 1 3R 105656223 7769 1 2R 26900451 7850 1
1 2R 16552677 1706 1 3R 105656223 1712 1 2R 26900451 1748 1
1 2R 16554477 5217 1 3R 105658288 5704 1 2R 26902610 5691 1
-28 2R 17259942 3185 1 3R 111312715 3582 -1 2R 30345021 3434 1
1 2R 17259942 681 1 3R 111315415 882 -1 2R 30345021 946 1
1 2R 17260919 2208 1 3R 111312715 2443 -1 2R 30346138 2317 1
-29 2R 19455148 4320 1 3R 113174882 1885 1 2R 52564080 1911 -1
1 2R 19455148 3328 1 3R 113174882 629 1 2R 52565345 646 -1
1 2R 19458774 694 1 3R 113175979 788 1 2R 52564080 623 -1
-30 2R 19796399 3850 1 3R 115633264 4465 -1 2R 50551953 4469 1
1 2R 19796399 1047 1 3R 115636525 1204 -1 2R 50551953 1182 1
1 2R 19798099 2150 1 3R 115633264 2945 -1 2R 50553526 2896 1
-31 2R 21571079 53649 1 3R 107627117 56447 1 2R 36219571 64890 1
1 2R 21571079 1694 1 3R 107627117 1691 1 2R 36219571 1884 1
1 2R 21573221 3274 1 3R 107629325 3390 1 2R 36221816 3805 1
1 2R 21609284 1584 1 3R 107667355 1653 1 2R 36263850 1648 1
1 2R 21611399 800 1 3R 107669591 806 1 2R 36265996 1075 1
1 2R 21621062 1262 1 3R 107679479 2116 1 2R 36280045 1886 1
1 2R 21623192 1536 1 3R 107682055 1509 1 2R 36282920 1541 1
-32 2R 22237425 2163 1 3R 108272618 3294 -1 2R 36934501 2794 -1
1 2R 22237425 1258 1 3R 108273339 2573 -1 2R 36935439 1856 -1
1 2R 22239094 494 1 3R 108272618 479 -1 2R 36934501 617 -1
-33 2R 22436714 7800 1 3R 108510382 7755 1 2R 27579092 6466 1
1 2R 22436714 6401 1 3R 108510382 7301 1 2R 27579092 5538 1
1 2R 22443559 955 1 3R 108517763 374 1 2R 27584758 800 1
-34 2R 22850540 13783 1 3R 128843988 12981 1 2R 71851236 15571 1
1 2R 22850540 3810 1 3R 128843988 4094 1 2R 71851236 3913 1
1 2R 22854427 9896 1 3R 128848146 8823 1 2R 71855197 11610 1
-35 2R 23024835 31941 1 3R 120980476 31435 1 2R 72080442 39425 1
1 2R 23024835 2863 1 3R 120980476 846 1 2R 72080442 860 1
1 2R 23027981 7127 1 3R 120982091 13761 1 2R 72082150 6959 1
1 2R 23053865 1027 1 3R 121006607 3397 1 2R 72116793 1217 1
1 2R 23055291 1485 1 3R 121010406 1505 1 2R 72118375 1492 1
-36 2R 25677150 2511 1 3R 135615293 2769 -1 2R 67410060 2617 -1
1 2R 25677150 862 1 3R 135617031 1031 -1 2R 67411708 969 -1
1 2R 25678299 1362 1 3R 135615293 1422 -1 2R 67410060 1416 -1
-37 2R 26685173 43072 1 3R 122995801 61406 -1 2R 55453897 36728 -1
1 2R 26685173 9163 1 3R 123055220 1987 -1 2R 55488988 1637 -1
1 2R 26694716 419 1 3R 123052816 2080 -1 2R 55487135 1483 -1
1 2R 26723904 2767 1 3R 122997513 3101 -1 2R 55455607 3076 -1
1 2R 26727001 1244 1 3R 122995801 1679 -1 2R 55453897 1678 -1
-38 2R 27544338 18368 1 3R 137654984 6777 -1 2R 28396583 7176 -1
1 2R 27544338 6304 1 3R 137659331 2430 -1 2R 28400704 3055 -1
1 2R 27551265 11441 1 3R 137654984 4273 -1 2R 28396583 3363 -1
-39 2R 27837471 2663 1 3R 139278787 2805 -1 2R 79075963 2912 -1
1 2R 27837471 1761 1 3R 139279592 2000 -1 2R 79077035 1840 -1
1 2R 27839373 761 1 3R 139278787 761 -1 2R 79075963 931 -1
-40 2R 28693891 10280 1 3R 128709649 18767 1 2R 71716789 6966 1
1 2R 28693891 4369 1 3R 128709649 16080 1 2R 71716789 4146 1
1 2R 28698770 5401 1 3R 128726074 2342 1 2R 71721408 2347 1
-41 2R 28971328 4052 1 3R 155308819 3905 1 2R 45205585 3870 1
1 2R 28971328 1770 1 3R 155308819 1879 1 2R 45205585 1664 1
1 2R 28973743 1637 1 3R 155311168 1556 1 2R 45207961 1494 1
-42 2R 28988230 280536 1 3R 155328333 328671 1 2R 63029284 340900 -1
1 2R 28988230 1636 1 3R 155328333 7922 1 2R 63368382 1802 -1
1 2R 28990158 3747 1 3R 155336751 3442 1 2R 63364420 3698 -1
1 2R 29265075 2441 1 3R 155652588 2663 1 2R 63030675 9570 -1
1 2R 29268009 757 1 3R 155655549 1455 1 2R 63029284 1148 -1
-43 2R 31516172 6701 1 3R 109575758 5797 -1 2R 63678030 5728 1
1 2R 31516172 666 1 3R 109579329 2226 -1 2R 63678030 2157 1
1 2R 31517011 5862 1 3R 109575758 3323 -1 2R 63680606 3152 1
-44 2R 32061972 8879 1 3R 107162244 7564 -1 2R 35701656 13524 -1
1 2R 32061972 7038 1 3R 107163694 6114 -1 2R 35703423 11757 -1
1 2R 32069533 1318 1 3R 107162244 1375 -1 2R 35701656 1592 -1
-45 2R 32902143 3690 1 3R 154570707 3636 1 2R 37570032 3906 -1
1 2R 32902143 868 1 3R 154570707 1141 1 2R 37572741 1197 -1
1 2R 32903371 2462 1 3R 154571983 2360 1 2R 37570032 2505 -1
-46 2R 33214257 3462 1 3R 148662930 6267 1 2R 42478828 2576 1
1 2R 33214257 938 1 3R 148662930 3191 1 2R 42478828 976 1
1 2R 33215609 2110 1 3R 148666541 2656 1 2R 42480515 889 1
-47 2R 36523178 11601 1 3R 158536793 6190 -1 2R 81098812 4970 -1
1 2R 36523178 8608 1 3R 158540853 2130 -1 2R 81101812 1970 -1
1 2R 36532547 2232 1 3R 158536793 3650 -1 2R 81098812 2561 -1
-48 2R 37193251 6718 1 3R 148112043 7418 -1 2R 41961106 6583 -1
1 2R 37193251 4028 1 3R 148114959 4502 -1 2R 41963656 4033 -1
1 2R 37197752 2217 1 3R 148112043 2409 -1 2R 41961106 2294 -1
-49 2R 39747890 2986 1 3R 145020838 3261 -1 2R 76439098 4966 -1
1 2R 39747890 1650 1 3R 145021916 2183 -1 2R 76441896 2168 -1
1 2R 39749836 1040 1 3R 145020838 1072 -1 2R 76439098 2780 -1
-50 2R 42774782 4075 1 3R 118886171 4779 -1 2R 47257781 4462 1
1 2R 42774782 1779 1 3R 118888894 2056 -1 2R 47257781 1865 1
1 2R 42777363 1494 1 3R 118886171 2452 -1 2R 47259898 2345 1
-51 2R 47722045 5531 1 3R 115240226 5639 -1 2R 67062575 4582 1
1 2R 47722045 1792 1 3R 115243587 2278 -1 2R 67062575 1900 1
1 2R 47724465 3111 1 3R 115240226 3351 -1 2R 67064799 2358 1
-52 2R 48349936 3219 1 3R 154859051 5222 1 2R 56681417 3243 -1
1 2R 48349936 1631 1 3R 154859051 1745 1 2R 56682988 1672 -1
1 2R 48351730 1425 1 3R 154860907 3366 1 2R 56681417 1527 -1
-53 2R 49299364 3649 1 3R 120642464 3989 -1 2R 54118565 4207 1
1 2R 49299364 1178 1 3R 120645302 1151 -1 2R 54118565 1127 1
1 2R 49301182 1831 1 3R 120642464 2464 -1 2R 54120182 2590 1
-54 2R 49613526 245061 1 3R 136908473 292363 -1 2R 67615305 369743 -1
1 2R 49613526 1135 1 3R 137199698 1138 -1 2R 67984006 1042 -1
1 2R 49615116 897 1 3R 137198282 1245 -1 2R 67982313 1137 -1
1 2R 49792249 1695 1 3R 137011928 1612 -1 2R 67729018 1750 -1
1 2R 49794709 6563 1 3R 137004483 6980 -1 2R 67722479 5992 -1
1 2R 49816123 889 1 3R 136985331 875 -1 2R 67699731 929 -1
1 2R 49817344 3019 1 3R 136981787 3188 -1 2R 67697221 2075 -1
1 2R 49854782 610 1 3R 136922413 2300 -1 2R 67640284 1099 -1
1 2R 49856127 2460 1 3R 136908473 13835 -1 2R 67615305 24442 -1
-55 2R 52530002 12647 1 3R 158849924 18229 1 2R 81390800 13114 1
1 2R 52530002 2528 1 3R 158849924 2565 1 2R 81390800 2511 1
1 2R 52533325 9324 1 3R 158853167 14986 1 2R 81393723 10191 1
-56 2R 53396856 3235 1 3R 116702721 1876 -1 2R 49459436 3226 1
1 2R 53396856 266 1 3R 116704331 266 -1 2R 49459436 266 1
1 2R 53397188 2903 1 3R 116702721 1319 -1 2R 49459882 2780 1
-57 2R 53440801 10402 1 3R 136188440 12008 -1 2R 80186719 9230 -1
1 2R 53440801 7995 1 3R 136191242 9206 -1 2R 80189790 6159 -1
1 2R 53449088 2115 1 3R 136188440 2518 -1 2R 80186719 2423 -1
-58 2R 54860736 4301 1 3R 138070803 2464 1 2R 61718824 2907 -1
1 2R 54860736 3092 1 3R 138070803 1175 1 2R 61720303 1428 -1
1 2R 54864270 767 1 3R 138072500 767 1 2R 61718824 1198 -1
-59 2R 55734797 5826 1 3R 142850377 7103 -1 2R 72514394 8725 1
1 2R 55734797 3126 1 3R 142853771 3709 -1 2R 72514394 5908 1
1 2R 55738153 2470 1 3R 142850377 2867 -1 2R 72520465 2654 1
-60 2R 57151207 5472 1 3R 155222858 5540 -1 2R 45118476 5417 -1
1 2R 57151207 3311 1 3R 155225237 3161 -1 2R 45120731 3162 -1
1 2R 57154761 1918 1 3R 155222858 2277 -1 2R 45118476 1955 -1
-61 2R 58564473 3069 1 3R 116645809 5020 -1 2R 49514365 4154 1
1 2R 58564473 927 1 3R 116648559 2270 -1 2R 49514365 1661 1
1 2R 58566389 1153 1 3R 116645809 2001 -1 2R 49516518 2001 1
-62 2R 59042810 5692 1 3R 120967839 4052 1 2R 31276530 4072 1
1 2R 59042810 3030 1 3R 120967839 1592 1 2R 31276530 1417 1
1 2R 59046458 1045 1 3R 120969813 1335 1 2R 31278323 1211 1
1 2R 59047759 743 1 3R 120971148 743 1 2R 31279584 1018 1
-63 2R 60146127 3441 1 3R 152834672 4241 1 2R 33352400 4000 -1
1 2R 60146127 1814 1 3R 152834672 1590 1 2R 33354088 2312 -1
1 2R 60148308 1260 1 3R 152837180 1733 1 2R 33352400 1579 -1
-64 2R 62311706 8558 1 3R 148767467 14170 -1 2R 34767288 7333 -1
1 2R 62311706 3216 1 3R 148778812 2825 -1 2R 34772352 2269 -1
1 2R 62315390 4874 1 3R 148767467 10781 -1 2R 34767288 4443 -1
-65 3L 139939386 4680 1 2L 64050684 4829 1 2L 115091358 6008 1
1 3L 139939386 1908 1 2L 64050684 2170 1 2L 115091358 2265 1
1 3L 139941425 2641 1 2L 64052875 2638 1 2L 115093787 3579 1
-66 3L 141087474 2718 1 2L 92850802 2861 1 2L 109362907 3081 1
1 3L 141087474 2141 1 2L 92850802 2121 1 2L 109362907 2092 1
1 3L 141089950 242 1 2L 92853167 496 1 2L 109365177 811 1
-67 3L 143038547 3198 1 2L 67399598 4141 -1 2L 110075481 3613 1
1 3L 143038547 889 1 2L 67402036 1703 -1 2L 110075481 1374 1
1 3L 143039913 1832 1 2L 67399598 1880 -1 2L 110077073 2021 1
-68 3L 143790821 19305 1 2L 99687535 31382 -1 2L 98672102 33385 -1
1 3L 143790821 1868 1 2L 99717111 1806 -1 2L 98703686 1801 -1
1 3L 143792894 17232 1 2L 99687535 28856 -1 2L 98672102 31201 -1
-69 3L 144486720 3670 1 2L 101151716 4176 -1 2L 99316589 4191 -1
1 3L 144486720 1882 1 2L 101153505 2387 -1 2L 99318069 2711 -1
1 3L 144488815 1575 1 2L 101151716 1657 -1 2L 99316589 1113 -1
-70 3L 145714073 6857 1 2L 66484911 7108 1 2L 111173071 7726 -1
1 3L 145714073 5056 1 2L 66484911 5172 1 2L 111175208 5589 -1
1 3L 145719440 1490 1 2L 66490146 1873 1 2L 111173071 1927 -1
-71 3L 148344560 4242 1 2L 83947655 4187 1 2L 91324451 4166 1
1 3L 148344560 1938 1 2L 83947655 1710 1 2L 91324451 1698 1
1 3L 148346529 2273 1 2L 83949369 2473 1 2L 91327042 1575 1
-72 3L 149748573 9388 1 2L 65265022 5563 1 2L 113742667 9530 -1
1 3L 149748573 5283 1 2L 65265022 1154 1 2L 113748070 4127 -1
1 3L 149754153 3808 1 2L 65266410 4175 1 2L 113742667 5036 -1
-73 3L 150086138 4077 1 2L 77389207 6720 -1 2L 109194702 3258 -1
1 3L 150086138 836 1 2L 77392046 3881 -1 2L 109197024 936 -1
1 3L 150087331 2884 1 2L 77389207 2473 -1 2L 109194702 1978 -1
-74 3L 151494632 4874 1 2L 97804912 5468 1 2L 100589105 5359 -1
1 3L 151494632 599 1 2L 97804912 610 1 2L 100593341 1123 -1
1 3L 151495436 4070 1 2L 97805936 4444 1 2L 100589105 3751 -1
-75 3L 152977381 5824 1 2L 102642728 6957 1 2L 98865538 5607 -1
1 3L 152977381 4539 1 2L 102642728 5598 1 2L 98866636 4509 -1
1 3L 152982137 1068 1 2L 102648700 985 1 2L 98865538 792 -1
-76 3L 154193874 5346 1 2L 83962439 5811 1 2L 94296122 6038 -1
1 3L 154193874 915 1 2L 83962439 1196 1 2L 94301089 1071 -1
1 3L 154194926 4294 1 2L 83964119 4131 1 2L 94296122 4257 -1
-77 3L 155522093 6177 1 2L 87228887 9661 1 2L 120143087 6410 -1
1 3L 155522093 527 1 2L 87228887 673 1 2L 120148925 572 -1
1 3L 155523425 4845 1 2L 87230149 8399 1 2L 120143087 5043 -1
-78 3L 156581660 3632 1 2L 73556885 5862 -1 2L 132500194 3352 1
1 3L 156581660 1469 1 2L 73558863 3884 -1 2L 132500194 1757 1
1 3L 156583770 1522 1 2L 73556885 1946 -1 2L 132502032 1514 1
-79 3L 157017488 6115 1 2L 70528071 5386 -1 2L 117700890 4558 -1
1 3L 157017488 2746 1 2L 70531284 2173 -1 2L 117703522 1926 -1
1 3L 157020823 2780 1 2L 70528071 2835 -1 2L 117700890 2201 -1
-80 3L 157299630 3501 1 2L 80736390 7635 1 2L 101589368 3669 -1
1 3L 157299630 1872 1 2L 80736390 4366 1 2L 101591458 1579 -1
1 3L 157301875 1256 1 2L 80741359 2666 1 2L 101589368 1832 -1
-81 3L 159119193 8451 1 2L 96902935 24968 -1 2L 104660147 12248 1
1 3L 159119193 5399 1 2L 96921781 6122 -1 2L 104660147 6538 1
1 3L 159125301 2343 1 2L 96902935 18475 -1 2L 104667414 4981 1
-82 3L 159973934 6866 1 2L 72626310 6733 -1 2L 134452873 6581 -1
1 3L 159973934 3309 1 2L 72629972 3071 -1 2L 134456432 3022 -1
1 3L 159977876 2924 1 2L 72626310 3007 -1 2L 134452873 2852 -1
-83 3L 160018241 5972 1 2L 72582959 6918 -1 2L 134845713 6561 -1
1 3L 160018241 2633 1 2L 72587381 2496 -1 2L 134849804 2470 -1
1 3L 160021299 2914 1 2L 72582959 4410 -1 2L 134845713 3803 -1
-84 3L 160405843 9969 1 2L 73020290 5605 -1 2L 133034029 12062 1
1 3L 160405843 8544 1 2L 73021202 4693 -1 2L 133034029 10399 1
1 3L 160414508 1304 1 2L 73020290 743 -1 2L 133044491 1600 1
-85 3L 160979614 5578 1 2L 84724467 6277 -1 2L 130266387 5870 -1
1 3L 160979614 1401 1 2L 84728503 2241 -1 2L 130270275 1982 -1
1 3L 160981339 3853 1 2L 84724467 3741 -1 2L 130266387 3488 -1
-86 3L 161405422 29909 1 2L 78672465 31884 -1 2L 126018637 36334 1
1 3L 161405422 3455 1 2L 78700851 3498 -1 2L 126018637 3421 1
1 3L 161409347 12756 1 2L 78682834 17971 -1 2L 126022503 5594 1
1 3L 161424875 2005 1 2L 78680588 1921 -1 2L 126045245 1877 1
1 3L 161426910 3275 1 2L 78677227 3354 -1 2L 126047251 3242 1
1 3L 161430362 4969 1 2L 78672465 4432 -1 2L 126051051 3920 1
-87 3L 162447551 1558 1 2L 87617164 2042 1 2L 129777779 1847 -1
1 3L 162447551 789 1 2L 87617164 1134 1 2L 129778778 848 -1
1 3L 162448535 574 1 2L 87618305 901 1 2L 129777779 933 -1
-88 3L 162854352 4945 1 2L 87044427 4804 -1 2L 112537899 4429 -1
1 3L 162854352 2201 1 2L 87047022 2209 -1 2L 112540181 2147 -1
1 3L 162856826 2471 1 2L 87044427 2556 -1 2L 112537899 1456 -1
-89 3L 164025617 3828 1 2L 80187731 4402 1 2L 128461500 4928 1
1 3L 164025617 1701 1 2L 80187731 2085 1 2L 128461500 2505 1
1 3L 164027424 2021 1 2L 80189874 2259 1 2L 128464196 2232 1
-90 3L 164349888 2173 1 2L 67866525 2362 1 2L 109557804 2407 -1
1 3L 164349888 1321 1 2L 67866525 1313 1 2L 109558848 1363 -1
1 3L 164351502 559 1 2L 67868008 879 1 2L 109557804 714 -1
-91 3L 164495199 3510 1 2L 93333109 3892 -1 2L 108145864 3744 -1
1 3L 164495199 2167 1 2L 93334688 2313 -1 2L 108147387 2221 -1
1 3L 164497757 952 1 2L 93333109 1089 -1 2L 108145864 807 -1
-92 3L 164736329 2151 1 2L 94863054 2688 1 2L 113160806 2484 1
1 3L 164736329 606 1 2L 94863054 620 1 2L 113160806 559 1
1 3L 164737445 1035 1 2L 94863680 2062 1 2L 113161997 1293 1
-93 3L 165770958 6888 1 2L 94085605 7449 1 2L 116073956 8510 -1
1 3L 165770958 6305 1 2L 94085605 6845 1 2L 116075472 6994 -1
1 3L 165777301 545 1 2L 94092509 545 1 2L 116073956 729 -1
-94 3L 166176709 7541 1 2L 80286071 5182 1 2L 102173095 5083 -1
1 3L 166176709 1161 1 2L 80286071 1528 1 2L 102176750 1428 -1
1 3L 166178204 6046 1 2L 80287862 3391 1 2L 102173095 3243 -1
-95 3L 166562222 8771 1 2L 72323893 10963 -1 2L 131794689 9153 1
1 3L 166562222 2473 1 2L 72330161 4695 -1 2L 131794689 2703 1
1 3L 166565091 1661 1 2L 72328339 1777 -1 2L 131797899 1603 1
1 3L 166567060 3933 1 2L 72323893 3852 -1 2L 131800118 3724 1
-96 3L 167282864 3549 1 2L 81653082 4098 -1 2L 100929732 4371 -1
1 3L 167282864 1122 1 2L 81655830 1350 -1 2L 100932768 1335 -1
1 3L 167284211 742 1 2L 81654997 752 -1 2L 100932002 575 -1
1 3L 167285099 1314 1 2L 81653082 1517 -1 2L 100929732 1604 -1
-97 3L 167462475 5151 1 2L 81412322 5537 -1 2L 114090530 5092 -1
1 3L 167462475 1334 1 2L 81415947 1912 -1 2L 114093938 1684 -1
1 3L 167464477 3149 1 2L 81412322 3294 -1 2L 114090530 2477 -1
-98 3L 168331862 2562 1 2L 63334014 3209 1 2L 102200119 3509 -1
1 3L 168331862 1676 1 2L 63334014 1927 1 2L 102201635 1993 -1
1 3L 168333575 849 1 2L 63335983 1240 1 2L 102200119 1269 -1
-99 3L 168915378 2279 1 2L 95654230 2184 1 2L 95849092 2905 -1
1 3L 168915378 392 1 2L 95654230 392 1 2L 95850955 1042 -1
1 3L 168915950 1707 1 2L 95654804 1610 1 2L 95849092 1844 -1
-100 3L 170042958 6855 1 2L 74467268 6874 -1 2L 134137719 7139 1
1 3L 170042958 1193 1 2L 74472951 1191 -1 2L 134137719 1074 1
1 3L 170044391 5422 1 2L 74467268 5671 -1 2L 134139117 5741 1
-101 3R 102322874 2256 1 3L 169348222 2674 -1 3L 223086195 2214 1
1 3R 102322874 1062 1 3L 169349695 1201 -1 3L 223086195 956 1
1 3R 102324186 944 1 3L 169348222 1106 -1 3L 223087424 985 1
-102 3R 103178920 6499 1 3L 167311183 9487 -1 3L 218411980 5612 -1
1 3R 103178920 2294 1 3L 167319068 1602 -1 3L 218415965 1627 -1
1 3R 103181687 1990 1 3L 167316954 1785 -1 3L 218413817 1711 -1
1 3R 103183907 1512 1 3L 167311183 5516 -1 3L 218411980 1507 -1
-103 3R 105401148 4731 1 3L 193940536 7340 -1 3L 196964906 5225 -1
1 3R 105401148 1750 1 3L 193946161 1715 -1 3L 196968607 1524 -1
1 3R 105403656 2223 1 3L 193940536 4999 -1 3L 196964906 3334 -1
-104 3R 107128475 5965 1 3L 177467843 10051 -1 3L 202435542 8078 -1
1 3R 107128475 1961 1 3L 177475754 2140 -1 3L 202441802 1818 -1
1 3R 107131408 3032 1 3L 177467843 7291 -1 3L 202435542 5506 -1
-105 3R 111779090 11529 1 3L 182608618 16646 -1 3L 227256268 7748 -1
1 3R 111779090 2824 1 3L 182621968 3296 -1 3L 227261216 2800 -1
1 3R 111782240 3380 1 3L 182617594 3491 -1 3L 227257721 2841 -1
1 3R 111785777 4842 1 3L 182608618 8667 -1 3L 227256268 1159 -1
-106 3R 114485694 4505 1 3L 162419629 6038 1 3L 207956336 5250 1
1 3R 114485694 2031 1 3L 162419629 3088 1 3L 207956336 2304 1
1 3R 114488064 2135 1 3L 162422927 2740 1 3L 207959065 2521 1
-107 3R 115450852 3789 1 3L 181552358 3762 -1 3L 229060009 3674 1
1 3R 115450852 735 1 3L 181555047 1073 -1 3L 229060009 1064 1
1 3R 115451831 2810 1 3L 181552358 2604 -1 3L 229061584 2099 1
-108 3R 125291809 4992 1 3L 164279398 4858 1 3L 212948878 5035 -1
1 3R 125291809 2578 1 3L 164279398 2177 1 3L 212952066 1847 -1
1 3R 125294775 2026 1 3L 164281818 2438 1 3L 212948878 2657 -1
-109 3R 128051119 4448 1 3L 178968179 11078 -1 3L 205941168 4004 1
1 3R 128051119 3068 1 3L 178973037 6220 -1 3L 205941168 2785 1
1 3R 128054546 1021 1 3L 178968179 4833 -1 3L 205944230 942 1
-110 X 5729468 3261 1 X 4331493 3631 -1 X 4332624 2463 -1
1 X 5729468 929 1 X 4333422 1702 -1 X 4334265 822 -1
1 X 5731141 1588 1 X 4331493 1510 -1 X 4332624 1310 -1
