# Options:
# Macrorearrangements
>genome1
# Chromosome 2L
1 2 3 4 5 6 7 8 9 10 11 12 13 14 15 16 17 18 19 20 21 22 23 24 25 26 27 28 29 30 31 32 33 34 35 36 37 38 39 40 41 42 43 44 45 46 47 48 49 50 51 52 53 54 55 56 57 58 59 60 61 62 63 64 65 66 67 68 69 70 71 72 73 74 75 76 77 78 79 80 81 82 83 84 85 86 87 88 89 $
# Chromosome 2R
90 91 92 93 94 95 96 97 98 99 100 101 102 103 104 105 106 107 108 109 110 111 112 113 114 115 116 117 118 119 120 121 122 123 124 125 126 127 128 129 130 131 132 133 134 135 136 137 138 139 140 141 142 143 144 145 146 147 148 149 150 151 152 153 154 155 156 157 158 159 160 161 162 163 164 165 166 167 168 169 170 171 172 173 174 175 176 177 178 179 180 181 182 183 184 185 186 187 188 189 190 191 192 193 194 195 196 197 198 199 200 201 202 203 204 205 206 207 208 209 210 211 212 213 214 215 216 217 218 219 220 221 222 223 224 225 226 227 228 229 230 231 232 233 234 235 236 237 238 239 240 241 242 243 244 245 $
# Chromosome 3L
246 247 248 249 250 251 252 253 254 255 256 257 258 259 260 261 262 263 264 265 266 267 268 269 270 271 272 273 274 275 276 277 278 279 280 281 282 283 284 285 286 287 288 289 290 291 292 293 294 295 296 297 298 299 300 301 302 303 304 305 306 307 308 309 310 311 312 313 314 315 316 317 318 319 320 321 322 323 324 325 326 327 328 329 330 331 332 333 334 335 336 337 338 339 340 341 342 343 344 345 346 347 348 $
# Chromosome 3R
349 350 351 352 353 354 355 356 357 358 359 360 361 362 363 364 365 366 367 368 369 370 371 372 373 374 375 376 377 378 379 380 381 382 383 384 385 386 387 388 389 390 391 392 393 394 395 396 397 398 399 400 401 402 403 404 405 406 407 408 409 410 411 412 413 414 415 416 417 418 419 $
# Chromosome X
420 421 422 423 424 425 426 427 428 429 430 431 432 433 434 435 436 437 438 439 440 441 442 443 444 445 446 447 448 449 450 451 452 453 454 455 456 457 458 459 460 461 462 463 464 465 466 467 468 469 $
>genome2
# Chromosome 2L
307 -319 291 -260 342 253 254 278 279 268 269 -274 -263 289 324 280 270 252 266 340 -295 299 -302 -287 272 -322 -335 -311 347 -312 -301 334 -348 -310 346 -304 -250 285 257 258 284 -262 -261 -314 330 -273 323 333 -300 303 -339 -338 -337 306 298 -305 251 275 294 -292 -313 -276 -293 -329 -328 -259 -318 316 297 317 -315 249 247 -248 -341 296 271 -256 255 332 336 -325 290 331 -327 -326 343 344 345 -309 -308 320 321 277 286 -265 -264 -283 -282 -267 -281 288 418 $
# Chromosome 2R
86 87 -56 -78 42 -67 74 75 -11 66 34 -72 57 -89 50 41 -83 -15 -14 -80 45 23 -59 -58 68 65 -16 -53 43 7 -12 -51 4 48 -81 -85 -46 60 61 25 -10 -13 -54 17 -76 49 84 -88 -82 30 31 32 33 -77 18 35 36 -38 -37 8 9 -63 79 20 -52 6 44 5 -27 -40 -73 26 22 -47 55 -29 -28 64 39 69 70 71 -62 -24 19 21 -3 -245 1 244 -2 -419 246 $
# Chromosome 3L
387 379 -395 402 -357 -391 370 -354 377 378 366 -352 -351 -350 380 376 -394 349 -353 -372 369 -403 392 -384 -397 -396 400 363 375 371 -390 -362 -361 -410 -368 -383 -382 -365 -364 -374 360 -393 385 -367 -381 355 388 389 386 398 404 -401 356 -409 -411 373 -359 -358 -414 406 407 -415 412 413 -405 -399 -416 -408 -417 $
# Chromosome 3R
-94 100 101 125 146 -151 115 116 117 118 -153 -197 -149 -126 -145 150 215 187 -102 -99 -155 -173 -232 108 112 148 -190 128 -196 -111 -110 -109 -174 -227 -212 -179 -205 167 -185 162 163 -200 -160 228 120 121 122 -104 -103 -132 -131 -113 90 91 92 93 -124 -123 139 140 119 229 -224 -192 -206 -177 -169 -193 -216 -130 -218 195 95 96 97 98 -127 -213 -202 -201 -180 -225 -135 217 165 141 -220 -137 208 182 -144 136 -207 199 236 237 238 -203 -226 -219 -235 106 107 214 -176 -178 234 -191 -175 188 189 -186 -114 222 -166 154 242 183 172 209 233 157 138 105 161 -184 -223 158 -240 171 231 133 134 -147 152 198 -241 159 -221 142 143 -204 239 -129 170 -230 156 -164 210 -194 -168 211 181 243 $
# Chromosome X
439 463 -421 -462 446 433 -444 -443 -425 -464 450 455 461 -445 -460 465 453 -458 -457 447 449 -468 430 -451 -427 441 426 -469 -452 440 -428 -466 -435 -420 -438 -456 429 437 459 431 -434 -467 424 -432 -436 -423 -448 442 -422 -454 $
>genome3
# Chromosome 2L
-246 419 -418 -283 -288 -264 281 282 275 -295 248 -247 -249 -294 -340 258 259 328 -285 250 251 -266 -265 -267 -257 329 -320 308 -286 339 -303 300 -333 -342 260 276 277 -278 256 -341 -271 -270 -280 336 -325 262 -284 255 332 -324 -289 263 274 -269 344 338 -318 292 -326 343 -279 252 253 327 -331 -290 299 -302 304 305 -298 -297 -316 -287 268 309 -345 -337 306 307 -319 291 -293 321 314 261 -296 330 -273 323 -254 315 -317 -313 272 -322 335 -334 301 312 -347 -346 310 348 311 $
# Chromosome 2R
-94 100 163 117 -195 -97 -135 -182 118 116 98 99 102 129 130 216 -160 228 229 -224 -192 131 -173 -232 -231 -190 242 -151 115 -153 -152 147 113 -183 95 122 -104 189 186 -114 222 -166 154 176 170 -230 156 105 159 -221 142 -145 150 193 169 -125 -101 -162 185 -167 205 179 212 227 174 109 -92 -148 -112 -108 197 214 91 133 141 -237 188 -103 -132 -209 -172 -171 240 -158 -198 215 -139 -111 225 146 90 -206 -177 180 -123 -217 -239 204 -143 126 149 -218 134 -96 -121 -235 106 -238 -220 196 -128 -127 -201 124 -236 -199 165 200 -187 223 184 -161 140 119 120 219 226 207 -136 144 -155 233 157 93 -178 234 -191 -175 -107 -203 241 -137 208 -138 -213 -202 110 -164 210 -194 -168 211 181 243 $
# Chromosome 3L
-412 408 417 413 414 415 -405 -399 359 363 375 381 360 -409 -358 -373 -391 395 389 -406 416 407 -383 -361 392 -384 -397 393 -410 387 379 411 398 404 -401 -400 -378 357 -402 -367 -370 -369 -354 377 -356 403 394 -376 -380 350 362 390 -371 355 372 366 396 385 388 -364 -374 368 -386 365 382 351 349 -353 -352 $
# Chromosome 3R
-26 -52 6 44 5 -69 -86 22 -47 55 -29 49 68 65 -16 -82 30 64 -72 57 -89 50 41 -83 -15 -75 34 28 -7 -43 53 62 -20 -19 -18 -17 54 13 10 -25 -61 -24 -9 -40 -73 51 12 4 48 -81 -32 -70 -37 8 76 77 -33 -60 46 85 58 -14 -84 -74 67 -42 78 56 -87 -39 -27 71 88 36 -38 59 -23 -45 80 66 -31 -11 -35 -63 79 21 -3 -245 1 2 -244 $
# Chromosome X
468 -469 -452 440 -453 433 -458 -426 -444 424 -448 -454 -442 422 449 -451 432 -467 -441 462 447 434 -423 -430 435 -443 421 -420 -438 -456 -446 -436 -457 -427 -445 -460 -428 -466 463 439 437 459 431 -429 465 -461 450 455 -425 -464 $
