# genome1: genome1
# genome2: genome2
# genome3: genome3
# block_id genome1_chr genome1_start genome1_len genome1_sign genome2_chr genome2_start genome2_len genome2_sign genome3_chr genome3_start genome3_len genome3_sign
1 "e5" 135758616 31048 1 "e5" 171241769 61432 1 "e5" 230003228 73031 1
2 "e5" 135794781 555803 1 "e5" 169165079 694543 -1 "e5" 222981832 980058 1
3 "e5" 136351463 174923 1 "e5" 168954113 208421 -1 "e5" 229497245 228971 1
4 "e5" 136571690 15935 1 "e5" 168868246 27082 -1 "e5" 230298768 21439 1
5 "e5" 136620715 62677 1 "e5" 171309611 86829 -1 "e5" 230081851 104136 -1
6 "e5" 136933130 1314381 1 "e5" 165889385 1618976 -1 "e5" 216764356 2078641 -1
7 "e5" 138247926 91059 1 "e5" 165771415 101152 -1 "e5" 215471577 98086 1
8 "e5" 138454339 135078 1 "e5" 186537027 194103 1 "e5" 225041705 184802 1
9 "e5" 138590759 13258 1 "e5" 191353008 21805 1 "e5" 200103818 17616 -1
10 "e5" 138625715 8959 1 "e5" 191404460 9592 1 "e5" 196580865 36092 -1
11 "e5" 138635115 156534 1 "e5" 191419918 232835 1 "e5" 219855448 209064 -1
12 "e5" 138792450 6487 1 "e5" 191655713 9532 1 "e5" 213091537 10906 1
13 "e5" 138799262 169968 1 "e5" 164488577 221488 -1 "e5" 213103274 230324 1
14 "e5" 139103916 71863 1 "e5" 194096138 97078 -1 "e5" 197369755 96797 -1
15 "e5" 139246187 226686 1 "e5" 193618821 268946 -1 "e5" 193313413 309195 1
16 "e5" 139482104 226893 1 "e5" 193298346 319080 -1 "e5" 201308604 353787 -1
17 "e5" 139711863 150667 1 "e5" 183074667 192161 1 "e5" 195733311 576018 1
18 "e5" 139863033 177456 1 "e5" 183270205 248846 1 "e5" 204616627 245695 -1
19 "e5" 140043781 49690 1 "e5" 187151082 51229 1 "e5" 226649841 66253 1
20 "e5" 140605509 289565 1 "e5" 177635212 369804 -1 "e5" 202850975 401414 -1
21 "e5" 140837868 210445 1 "e5" 177442371 271146 -1 "e5" 224038484 208548 1
22 "e5" 141056637 170806 1 "e5" 175947779 242210 1 "e5" 193689758 253123 1
23 "e5" 141227926 31094 1 "e5" 182585076 42930 -1 "e5" 227509333 37638 -1
24 "e5" 141443467 146843 1 "e5" 182107344 191655 -1 "e5" 229151071 127133 1
25 "e5" 141607861 23661 1 "e5" 185547150 29310 -1 "e5" 227873017 27989 1
26 "e5" 141681542 115834 1 "e5" 168633119 62764 1 "e5" 212242789 170947 -1
27 "e5" 141812548 106031 1 "e5" 168728585 113731 1 "e5" 225831381 167044 1
28 "e5" 141923294 96257 1 "e5" 171410139 91406 1 "e5" 226006232 110528 1
29 "e5" 142067493 14668 1 "e5" 180226147 23365 -1 "e5" 214778991 18595 -1
30 "e5" 142170610 613888 1 "e5" 184501381 789947 -1 "e5" 213788585 872816 -1
31 "e5" 142810524 222170 1 "e5" 173320621 336689 1 "e5" 220461987 328580 -1
32 "e5" 143149903 182606 1 "e5" 180945219 349439 -1 "e5" 228174790 192387 1
33 "e5" 143421368 173610 1 "e5" 172969544 273505 1 "e5" 216147837 222931 -1
34 "e5" 143945871 87463 1 "e5" 165655375 113231 1 "e5" 215585154 115928 -1
35 "e5" 144036100 81652 1 "e5" 177023825 113090 1 "e5" 224516967 108277 -1
36 "e5" 144218932 49169 1 "e5" 170996080 46508 1 "e5" 225251932 46265 1
37 "e5" 144273237 332439 1 "e5" 171557029 409096 -1 "e5" 225313233 438659 1
38 "e5" 144897629 7634 1 "e5" 172335299 9370 1 "e5" 215237551 7935 1
39 "e5" 144907658 323515 1 "e5" 192636824 447177 1 "e5" 197508727 684594 -1
40 "e5" 145311818 25915 1 "e5" 193253456 31556 1 "e5" 201237118 42386 1
41 "e5" 145427120 234265 1 "e5" 182628911 315828 -1 "e5" 227551482 250007 -1
42 "e5" 145662991 648874 1 "e5" 176190598 808549 1 "e5" 193943492 887187 1
43 "e5" 146314939 8627 1 "e5" 176999431 12481 1 "e5" 224675579 12850 -1
44 "e5" 146376603 216424 1 "e5" 170395004 237514 1 "e5" 221871894 334575 -1
45 "e5" 146629787 44644 1 "e5" 181316997 57222 -1 "e5" 197125157 72505 -1
46 "e5" 146873786 9152 1 "e5" 183586699 13438 -1 "e5" 204464348 48737 1
47 "e5" 147124809 596291 1 "e5" 167571297 617645 1 "e5" 218946069 849514 1
48 "e5" 147758635 201817 1 "e5" 168215418 212922 1 "e5" 212711777 375141 -1
49 "e5" 148227615 12627 1 "e5" 183931524 9644 1 "e5" 204158839 13670 -1
50 "e5" 148242280 68007 1 "e5" 162580932 94213 1 "e5" 208363351 93305 1
51 "e5" 148312662 14141 1 "e5" 174012247 16488 1 "e5" 220067676 25934 -1
52 "e5" 148328465 8202 1 "e5" 170896264 9392 -1 "e5" 221328474 7081 1
53 "e5" 148349053 104722 1 "e5" 170257736 114777 1 "e5" 222240595 166568 -1
54 "e5" 148514262 522334 1 "e5" 185582143 705233 -1 "e5" 194841328 701232 1
55 "e5" 149188568 26707 1 "e5" 181719727 28801 -1 "e5" 229445824 33292 1
56 "e5" 149267876 86737 1 "e5" 181517931 114848 -1 "e5" 202723074 124353 -1
57 "e5" 149355743 65153 1 "e5" 163753999 68982 -1 "e5" 199082449 80246 1
58 "e5" 149709403 55208 1 "e5" 194399912 76572 -1 "e5" 209674594 77639 -1
59 "e5" 149770010 191406 1 "e5" 174775932 234358 -1 "e5" 205393202 214999 -1
60 "e5" 149985528 22962 1 "e5" 184470937 28053 1 "e5" 226426034 25291 1
61 "e5" 150013017 28452 1 "e5" 163989215 44777 -1 "e5" 226461500 32243 1
62 "e5" 150605447 13049 1 "e5" 189463616 14103 1 "e5" 228584112 10850 -1
63 "e5" 150667238 21022 1 "e5" 180599033 22916 1 "e5" 228499357 39682 -1
64 "e5" 150771384 47190 1 "e5" 180765387 48394 1 "e5" 221626964 88005 1
65 "e5" 150888924 51896 1 "e5" 162888494 66403 -1 "e5" 208781355 67740 -1
66 "e5" 150993586 19680 1 "e5" 181424306 25019 1 "e5" 197275997 40071 1
67 "e5" 151085886 33146 1 "e5" 163825854 39262 1 "e5" 199030930 51122 -1
68 "e5" 151311624 635777 1 "e5" 161839221 711881 1 "e5" 207617022 704963 1
69 "e5" 151981176 91028 1 "e5" 178875918 111860 -1 "e5" 204046690 105017 -1
70 "e5" 152292576 104434 1 "e5" 187282724 116574 1 "e5" 226782942 120124 1
71 "e5" 152448432 196839 1 "e5" 187491230 282076 1 "e5" 200270612 264796 1
72 "e5" 152768428 75851 1 "e5" 175726849 91824 1 "e5" 211843816 127725 -1
73 "e5" 152984643 120925 1 "e5" 177297894 136214 -1 "e5" 224255816 122697 1
74 "e5" 153143132 71570 1 "e5" 170909618 72333 -1 "e5" 221214837 95477 1
75 "e5" 153398456 381027 1 "e5" 164816823 372181 -1 "e5" 198400159 558006 -1
76 "e5" 153832145 43849 1 "e5" 164710909 48532 -1 "e5" 196706262 67435 1
77 "e5" 154088636 41750 1 "e5" 174152582 51004 1 "e5" 196311649 84410 -1
78 "e5" 154194520 434160 1 "e5" 174276547 491980 1 "e5" 204921602 462331 1
79 "e5" 154628893 38789 1 "e5" 184421551 41913 -1 "e5" 226377718 36799 -1
80 "e5" 154668334 372103 1 "e5" 183948444 472641 -1 "e5" 205804487 389246 1
81 "e5" 155045236 19512 1 "e5" 178999036 19587 1 "e5" 206200985 23478 1
82 "e5" 155158494 189017 1 "e5" 188190418 260632 1 "e5" 227168761 175181 1
83 "e5" 155357533 41404 1 "e5" 188467230 45719 1 "e5" 229077866 40447 -1
84 "e5" 155498619 52065 1 "e5" 187090600 53864 1 "e5" 226596224 51368 1
85 "e5" 155573218 123176 1 "e5" 170774100 121371 -1 "e5" 221339554 207492 1
86 "e5" 155743827 12755 1 "e5" 170706672 5357 -1 "e5" 228447717 12653 -1
87 "e5" 155818160 6563 1 "e5" 170633269 18054 -1 "e5" 221845486 24805 1
88 "e5" 156040389 202184 1 "e5" 163212733 224577 -1 "e5" 199618794 212084 1
89 "e5" 156418487 6002 1 "e5" 180813956 7327 1 "e5" 221716310 8808 1
90 "e5" 156823427 27903 1 "e5" 172391896 26508 -1 "e5" 215316718 33181 -1
91 "e5" 156864742 164143 1 "e5" 175225096 179191 -1 "e5" 226213512 163768 1
92 "e5" 157029811 139072 1 "e5" 175060990 163633 -1 "e5" 205653625 142040 -1
93 "e5" 157265306 14553 1 "e5" 194546919 16109 1 "e5" 209820455 28089 1
94 "e5" 157391912 175475 1 "e5" 189706389 196716 1 "e5" 209989479 229315 1
95 "e5" 157580811 13798 1 "e5" 199295781 19888 -1 "e5" 190279986 12977 1
96 "e5" 157612229 53032 1 "e5" 198053600 39325 -1 "e5" 201107619 46247 1
97 "e5" 157816362 174684 1 "e5" 197821450 185005 -1 "e5" 192310595 248726 -1
98 "e5" 158000188 53145 1 "e5" 175406800 83919 1 "e5" 226148829 62295 -1
99 "e5" 158060522 31824 1 "e5" 175497196 26487 1 "e5" 212194336 32984 -1
100 "e5" 158938588 3846 1 "e5" 190445922 4270 -1 "e5" 210802433 3769 -1
101 "e5" 158999556 85281 1 "e5" 164342232 143710 1 "e5" 213336976 109138 -1
102 "e5" 159085248 15934 1 "e5" 173996205 15599 -1 "e5" 220094156 18910 1
103 "e5" 159433951 374552 1 "e5" 189945672 402837 1 "e5" 210222629 469891 1
104 "e5" 159868671 62294 1 "e5" 197733001 68389 -1 "e5" 192245600 59180 -1
105 "e5" 159937098 91370 1 "e5" 195295314 72275 1 "e5" 200733797 111865 -1
106 "e5" 160044485 341325 1 "e5" 195384620 346777 1 "e5" 201725250 388434 1
107 "e5" 160577651 181800 1 "e5" 198425143 224428 -1 "e5" 189993980 280195 1
108 "e5" 160786197 74641 1 "e5" 191821349 27242 -1 "e5" 196983385 47042 -1
109 "e5" 161466095 454001 1 "e5" 179021764 531521 -1 "e5" 206225973 507009 -1
110 "e5" 161937065 70977 1 "e5" 187957487 83384 -1 "e5" 226944195 81471 -1
111 "e5" 162012341 99018 1 "e5" 191243144 108715 1 "e5" 200121763 114783 -1
112 "e5" 162248139 48592 1 "e5" 186883126 45708 1 "e5" 220992606 105028 -1
113 "e5" 162422583 109285 1 "e5" 164086363 119429 1 "e5" 213623569 97946 -1
114 "e5" 162713182 436817 1 "e5" 191914991 505024 -1 "e5" 208864178 598361 1
115 "e5" 163552069 19399 1 "e5" 196952904 16738 1 "e5" 189664182 97163 1
116 "e5" 163754738 164076 1 "e5" 197122826 142093 1 "e5" 189017903 242468 -1
117 "e5" 164114302 101139 1 "e5" 197469057 118083 1 "e5" 190986783 110884 1
118 "e5" 164393433 13323 1 "e5" 197714150 16228 1 "e5" 191387153 7953 -1
119 "e5" 164407002 53287 1 "e5" 195177596 92248 -1 "e5" 191296828 89499 -1
120 "e5" 164708105 10570 1 "e5" 194870736 25030 -1 "e5" 191527935 17349 1
121 "e5" 164803144 748288 1 "e5" 196180526 644270 -1 "e5" 191635275 609324 1
122 "e5" 165561041 1504168 1 "e5" 198109372 190429 -1 "e5" 200861056 223722 1
123 "e5" 167066165 460116 1 "e5" 198751987 502239 -1 "e5" 190293223 461001 1
124 "e5" 167527257 54121 1 "e5" 199352375 78083 1 "e5" 190763418 60723 1
