-1 "e5" 135758616 31048 1 "e5" 171241769 61432 1 "e5" 230003228 73031 1
1 "e5" 135758616 4346 1 "e5" 171241769 5017 1 "e5" 230003228 1742 1
1 "e5" 135782708 3290 1 "e5" 171295513 2288 1 "e5" 230068200 2145 1
1 "e5" 135787507 2157 1 "e5" 171300490 2711 1 "e5" 230073975 2284 1
-2 "e5" 135794781 555803 1 "e5" 169165079 694543 -1 "e5" 222981832 980058 1
1 "e5" 135794781 1250 1 "e5" 169857136 2486 -1 "e5" 222981832 1739 1
1 "e5" 135797466 3054 1 "e5" 169853278 3065 -1 "e5" 222984705 3157 1
1 "e5" 135802098 4846 1 "e5" 169847767 3602 -1 "e5" 222989454 4077 1
1 "e5" 135812943 6881 1 "e5" 169834905 5576 -1 "e5" 223008715 4579 1
1 "e5" 135819968 5640 1 "e5" 169823873 8853 -1 "e5" 223017932 11990 1
1 "e5" 135827108 1261 1 "e5" 169820202 3613 -1 "e5" 223033956 2283 1
1 "e5" 135829203 3511 1 "e5" 169814995 4375 -1 "e5" 223038304 7437 1
1 "e5" 135912975 2654 1 "e5" 169718727 2680 -1 "e5" 223181015 2731 1
1 "e5" 135919334 3770 1 "e5" 169708295 6861 -1 "e5" 223190265 6333 1
1 "e5" 135925629 2864 1 "e5" 169704744 1457 -1 "e5" 223201286 1454 1
1 "e5" 135928856 1111 1 "e5" 169703020 922 -1 "e5" 223203441 1070 1
1 "e5" 135944272 6874 1 "e5" 169677657 9484 -1 "e5" 223238302 17234 1
1 "e5" 135951643 1315 1 "e5" 169675874 1462 -1 "e5" 223256308 1366 1
1 "e5" 135987511 1558 1 "e5" 169631731 1422 -1 "e5" 223325193 1423 1
1 "e5" 136015258 5214 1 "e5" 169569266 34331 -1 "e5" 223354355 65893 1
1 "e5" 136083508 1062 1 "e5" 169517064 1201 -1 "e5" 223501628 956 1
1 "e5" 136084820 944 1 "e5" 169515591 1106 -1 "e5" 223502857 985 1
1 "e5" 136086059 951 1 "e5" 169514379 986 -1 "e5" 223506015 916 1
1 "e5" 136088264 1152 1 "e5" 169485061 1437 -1 "e5" 223509874 951 1
1 "e5" 136090567 928 1 "e5" 169482398 920 -1 "e5" 223513957 884 1
1 "e5" 136105561 6294 1 "e5" 169461587 2104 -1 "e5" 223545059 1629 1
1 "e5" 136113497 3634 1 "e5" 169448710 12653 -1 "e5" 223549138 12095 1
1 "e5" 136121900 2681 1 "e5" 169444482 1502 -1 "e5" 223575066 2737 1
1 "e5" 136131847 11815 1 "e5" 169431055 2234 -1 "e5" 223593771 3577 1
1 "e5" 136147172 962 1 "e5" 169418094 1379 -1 "e5" 223609164 1402 1
1 "e5" 136149927 4843 1 "e5" 169411765 6270 -1 "e5" 223612521 7827 1
1 "e5" 136156356 2676 1 "e5" 169405560 5642 -1 "e5" 223625228 3938 1
1 "e5" 136165622 5662 1 "e5" 169396584 2309 -1 "e5" 223639176 769 1
1 "e5" 136201860 11180 1 "e5" 169336316 13498 -1 "e5" 223729144 13270 1
1 "e5" 136223958 6467 1 "e5" 169314094 7649 -1 "e5" 223765108 7607 1
1 "e5" 136230643 5612 1 "e5" 169307314 6765 -1 "e5" 223774948 6456 1
1 "e5" 136236688 2098 1 "e5" 169304815 2112 -1 "e5" 223782533 2044 1
1 "e5" 136239007 10219 1 "e5" 169291932 12570 -1 "e5" 223786440 2565 1
1 "e5" 136249618 1689 1 "e5" 169289723 1774 -1 "e5" 223801190 3295 1
1 "e5" 136252958 10416 1 "e5" 169278807 9423 -1 "e5" 223806945 1927 1
1 "e5" 136277801 1105 1 "e5" 169246430 1273 -1 "e5" 223850562 1124 1
1 "e5" 136279114 5120 1 "e5" 169240942 5373 -1 "e5" 223853276 3905 1
1 "e5" 136291166 2142 1 "e5" 169228806 4209 -1 "e5" 223874159 3212 1
1 "e5" 136293501 11874 1 "e5" 169221849 5289 -1 "e5" 223885703 6080 1
1 "e5" 136315650 6597 1 "e5" 169197811 15302 -1 "e5" 223906995 13111 1
1 "e5" 136346648 3936 1 "e5" 169165079 1637 -1 "e5" 223960653 1237 1
-3 "e5" 136351463 174923 1 "e5" 168954113 208421 -1 "e5" 229497245 228971 1
1 "e5" 136351463 9392 1 "e5" 169158054 4480 -1 "e5" 229497245 4013 1
1 "e5" 136361533 2095 1 "e5" 169149723 7193 -1 "e5" 229507451 2115 1
1 "e5" 136373083 4407 1 "e5" 169135370 4506 -1 "e5" 229521783 2121 1
1 "e5" 136433812 1085 1 "e5" 169068351 1085 -1 "e5" 229606293 1088 1
1 "e5" 136435035 2846 1 "e5" 169064736 3571 -1 "e5" 229608799 1995 1
1 "e5" 136438363 3642 1 "e5" 169060797 3434 -1 "e5" 229611213 602 1
1 "e5" 136495693 1774 1 "e5" 168993917 1718 -1 "e5" 229683556 1409 1
1 "e5" 136523890 1615 1 "e5" 168954993 2076 -1 "e5" 229723474 1698 1
1 "e5" 136525946 440 1 "e5" 168954113 431 -1 "e5" 229725785 431 1
-4 "e5" 136571690 15935 1 "e5" 168868246 27082 -1 "e5" 230298768 21439 1
1 "e5" 136571690 11102 1 "e5" 168877065 18263 -1 "e5" 230298768 14947 1
1 "e5" 136584845 2780 1 "e5" 168868246 4866 -1 "e5" 230318279 1928 1
-5 "e5" 136620715 62677 1 "e5" 171309611 86829 -1 "e5" 230081851 104136 -1
1 "e5" 136620715 3839 1 "e5" 171390068 6372 -1 "e5" 230138368 4731 1
1 "e5" 136625095 4109 1 "e5" 171387442 2205 -1 "e5" 230143684 2143 1
1 "e5" 136635242 6113 1 "e5" 171373559 9707 -1 "e5" 230158600 3377 1
1 "e5" 136657020 7473 1 "e5" 171339394 4233 -1 "e5" 230183523 2464 1
2 "e5" 136666219 4509 1 "e5" 171330238 2039 -1 "e5" 230103840 2015 -1
2 "e5" 136673639 1032 1 "e5" 171319099 1352 -1 "e5" 230096591 1382 -1
3 "e5" 136682576 816 1 "e5" 171309611 768 1 "e5" 230081851 956 1
-6 "e5" 136933130 1314381 1 "e5" 165889385 1618976 -1 "e5" 216764356 2078641 -1
1 "e5" 136933130 5183 1 "e5" 167490799 17562 -1 "e5" 218836985 6012 -1
1 "e5" 136942321 1990 1 "e5" 167484323 1785 -1 "e5" 218829250 1711 -1
1 "e5" 136944541 1512 1 "e5" 167478552 5516 -1 "e5" 218827413 1507 -1
1 "e5" 137001115 359 1 "e5" 167412758 359 -1 "e5" 218739423 571 -1
1 "e5" 137010864 3060 1 "e5" 167399826 1359 -1 "e5" 218723714 4340 -1
2 "e5" 137015219 2665 1 "e5" 167395469 3090 -1 "e5" 218694589 3365 1
2 "e5" 137018721 18883 1 "e5" 167382584 3431 -1 "e5" 218717298 4724 1
3 "e5" 137229046 5546 1 "e5" 167105038 6560 -1 "e5" 218397275 5729 -1
3 "e5" 137240658 566 1 "e5" 167096652 563 -1 "e5" 218382823 560 -1
3 "e5" 137247458 3621 1 "e5" 167087238 2024 -1 "e5" 218367033 3617 -1
3 "e5" 137273558 8711 1 "e5" 167033109 48460 -1 "e5" 218286055 56973 -1
3 "e5" 137316990 3741 1 "e5" 167009872 22632 -1 "e5" 218254240 3017 -1
3 "e5" 137320818 734 1 "e5" 167006728 716 -1 "e5" 218246853 817 -1
3 "e5" 137322973 770 1 "e5" 167004542 848 -1 "e5" 218243593 878 -1
3 "e5" 137397376 5705 1 "e5" 166917290 19658 -1 "e5" 218145106 16200 -1
3 "e5" 137457604 1951 1 "e5" 166850654 2027 -1 "e5" 218074076 1948 -1
3 "e5" 137462156 1984 1 "e5" 166822480 25045 -1 "e5" 218069081 1985 -1
3 "e5" 137519969 7871 1 "e5" 166757033 17155 -1 "e5" 217913958 67496 -1
3 "e5" 137602441 932 1 "e5" 166639131 30299 -1 "e5" 217864639 1034 -1
3 "e5" 137653053 2414 1 "e5" 166601097 2952 -1 "e5" 217780946 3057 -1
3 "e5" 137656538 776 1 "e5" 166583122 16802 -1 "e5" 217779083 838 -1
3 "e5" 137722426 8100 1 "e5" 166513459 2313 -1 "e5" 217654120 21020 -1
3 "e5" 138146681 1488 1 "e5" 166010738 1476 -1 "e5" 216920898 1389 -1
3 "e5" 138196224 9214 1 "e5" 165927113 4414 -1 "e5" 216815986 1844 -1
3 "e5" 138206765 6600 1 "e5" 165919652 7128 -1 "e5" 216804874 7394 -1
3 "e5" 138223246 4296 1 "e5" 165900106 15812 -1 "e5" 216780157 14059 -1
3 "e5" 138231618 15893 1 "e5" 165889385 4982 -1 "e5" 216764356 10512 -1
-7 "e5" 138247926 91059 1 "e5" 165771415 101152 -1 "e5" 215471577 98086 1
1 "e5" 138247926 3000 1 "e5" 165865894 6673 -1 "e5" 215471577 2530 1
1 "e5" 138334181 4804 1 "e5" 165771415 5290 -1 "e5" 215564991 4672 1
-8 "e5" 138454339 135078 1 "e5" 186537027 194103 1 "e5" 225041705 184802 1
1 "e5" 138454339 1142 1 "e5" 186537027 1404 1 "e5" 225041705 1513 1
1 "e5" 138455571 1587 1 "e5" 186538983 1106 1 "e5" 225043766 1205 1
1 "e5" 138457527 1734 1 "e5" 186540619 2861 1 "e5" 225045896 2075 1
1 "e5" 138466743 1199 1 "e5" 186554666 1536 1 "e5" 225063343 1200 1
1 "e5" 138483955 4916 1 "e5" 186576913 17988 1 "e5" 225096034 2550 1
1 "e5" 138506942 3502 1 "e5" 186607328 2129 1 "e5" 225117020 2858 1
1 "e5" 138513468 1602 1 "e5" 186616853 1488 1 "e5" 225124194 1430 1
1 "e5" 138527019 5371 1 "e5" 186629142 7626 1 "e5" 225142488 657 1
1 "e5" 138564912 4216 1 "e5" 186701902 7128 1 "e5" 225185988 4406 1
1 "e5" 138570020 2797 1 "e5" 186709361 2248 1 "e5" 225205710 2113 1
1 "e5" 138573114 512 1 "e5" 186713133 563 1 "e5" 225208863 1014 1
1 "e5" 138575165 2373 1 "e5" 186716415 1424 1 "e5" 225212327 1324 1
1 "e5" 138586348 3069 1 "e5" 186726557 4573 1 "e5" 225223357 3150 1
-9 "e5" 138590759 13258 1 "e5" 191353008 21805 1 "e5" 200103818 17616 -1
1 "e5" 138590759 2040 1 "e5" 191353008 3453 1 "e5" 200114323 7111 -1
1 "e5" 138595647 8370 1 "e5" 191359248 15565 1 "e5" 200103818 9803 -1
-10 "e5" 138625715 8959 1 "e5" 191404460 9592 1 "e5" 196580865 36092 -1
1 "e5" 138625715 6649 1 "e5" 191404460 3264 1 "e5" 196587918 29039 -1
1 "e5" 138634047 627 1 "e5" 191412823 1229 1 "e5" 196580865 1065 -1
-11 "e5" 138635115 156534 1 "e5" 191419918 232835 1 "e5" 219855448 209064 -1
1 "e5" 138635115 1742 1 "e5" 191419918 3758 1 "e5" 220063673 839 -1
1 "e5" 138647373 6763 1 "e5" 191434799 7262 1 "e5" 220044563 1520 -1
1 "e5" 138661064 1667 1 "e5" 191459423 2265 1 "e5" 220028791 10167 -1
1 "e5" 138666333 8792 1 "e5" 191462899 12506 1 "e5" 220020046 8494 -1
1 "e5" 138675491 4891 1 "e5" 191475725 3583 1 "e5" 220014479 2078 -1
1 "e5" 138684553 9682 1 "e5" 191483050 10880 1 "e5" 220001793 3370 -1
1 "e5" 138769301 13857 1 "e5" 191602800 39367 1 "e5" 219864636 28440 -1
1 "e5" 138786318 5331 1 "e5" 191646243 6510 1 "e5" 219855448 3600 -1
-12 "e5" 138792450 6487 1 "e5" 191655713 9532 1 "e5" 213091537 10906 1
1 "e5" 138792450 1102 1 "e5" 191655713 3750 1 "e5" 213091537 3783 1
1 "e5" 138797369 1568 1 "e5" 191663773 1472 1 "e5" 213100971 1472 1
-13 "e5" 138799262 169968 1 "e5" 164488577 221488 -1 "e5" 213103274 230324 1
1 "e5" 138799262 2015 1 "e5" 164708212 1853 -1 "e5" 213103274 1778 1
1 "e5" 138801892 12378 1 "e5" 164691711 15771 -1 "e5" 213107122 12651 1
1 "e5" 138821195 1181 1 "e5" 164686494 1209 -1 "e5" 213129358 1252 1
1 "e5" 138827812 11289 1 "e5" 164674145 6238 -1 "e5" 213138143 6715 1
1 "e5" 138839520 1225 1 "e5" 164666495 1477 -1 "e5" 213154851 1255 1
1 "e5" 138840852 8757 1 "e5" 164652887 7894 -1 "e5" 213164152 7196 1
1 "e5" 138880354 413 1 "e5" 164616531 34612 -1 "e5" 213211803 1679 1
1 "e5" 138896731 9665 1 "e5" 164560242 37131 -1 "e5" 213239203 8045 1
1 "e5" 138944703 2340 1 "e5" 164515197 2372 -1 "e5" 213304039 2695 1
1 "e5" 138956460 897 1 "e5" 164503470 973 -1 "e5" 213318651 1001 1
1 "e5" 138958499 626 1 "e5" 164502235 623 -1 "e5" 213321355 620 1
1 "e5" 138962934 6296 1 "e5" 164488577 7279 -1 "e5" 213332289 1309 1
-14 "e5" 139103916 71863 1 "e5" 194096138 97078 -1 "e5" 197369755 96797 -1
1 "e5" 139103916 9873 1 "e5" 194191009 2207 -1 "e5" 197464640 1912 1
2 "e5" 139152252 2570 1 "e5" 194141799 1797 -1 "e5" 197396301 1881 -1
2 "e5" 139161782 1750 1 "e5" 194113530 1715 -1 "e5" 197384040 1524 -1
2 "e5" 139164290 2223 1 "e5" 194107905 4999 -1 "e5" 197380339 3334 -1
2 "e5" 139169205 6574 1 "e5" 194096138 10319 -1 "e5" 197369755 3769 -1
-15 "e5" 139246187 226686 1 "e5" 193618821 268946 -1 "e5" 193313413 309195 1
1 "e5" 139246187 1075 1 "e5" 193886490 1277 -1 "e5" 193313413 1311 1
1 "e5" 139248100 3264 1 "e5" 193882808 2611 -1 "e5" 193372579 1052 1
1 "e5" 139252875 26040 1 "e5" 193862328 17337 -1 "e5" 193383823 15933 1
1 "e5" 139281539 3391 1 "e5" 193854928 3797 -1 "e5" 193402822 3548 1
1 "e5" 139285056 4592 1 "e5" 193847189 3813 -1 "e5" 193409258 1485 1
1 "e5" 139291129 2447 1 "e5" 193842279 4601 -1 "e5" 193413060 2074 1
1 "e5" 139294298 1671 1 "e5" 193837097 3919 -1 "e5" 193418024 4393 1
1 "e5" 139298452 1327 1 "e5" 193835752 1316 -1 "e5" 193425353 1183 1
1 "e5" 139308926 629 1 "e5" 193820236 858 -1 "e5" 193439368 824 1
1 "e5" 139415858 1466 1 "e5" 193687899 10756 -1 "e5" 193560218 819 1
1 "e5" 139468845 4028 1 "e5" 193618821 9288 -1 "e5" 193618702 3906 1
-16 "e5" 139482104 226893 1 "e5" 193298346 319080 -1 "e5" 201308604 353787 -1
1 "e5" 139482104 715 1 "e5" 193614986 2440 -1 "e5" 201658889 3502 -1
1 "e5" 139542956 2167 1 "e5" 193537221 2813 -1 "e5" 201565850 2306 -1
1 "e5" 139545317 5602 1 "e5" 193530563 6502 -1 "e5" 201558699 6409 -1
1 "e5" 139564169 467 1 "e5" 193504432 11144 -1 "e5" 201532999 2196 -1
1 "e5" 139686739 1199 1 "e5" 193326990 1022 -1 "e5" 201343406 1067 -1
1 "e5" 139704089 1501 1 "e5" 193302244 1509 -1 "e5" 201313689 1453 -1
1 "e5" 139706722 2275 1 "e5" 193298346 2487 -1 "e5" 201308604 2028 -1
-17 "e5" 139711863 150667 1 "e5" 183074667 192161 1 "e5" 195733311 576018 1
1 "e5" 139711863 2699 1 "e5" 183074667 2297 1 "e5" 195733311 1914 1
1 "e5" 139716974 1346 1 "e5" 183079472 1744 1 "e5" 195737651 1610 1
1 "e5" 139719049 626 1 "e5" 183081614 1040 1 "e5" 195774833 1301 1
1 "e5" 139720214 1033 1 "e5" 183082727 2403 1 "e5" 195776383 2122 1
1 "e5" 139724334 4354 1 "e5" 183087763 6073 1 "e5" 195793634 4539 1
1 "e5" 139750732 756 1 "e5" 183123505 11047 1 "e5" 196002206 10735 1
1 "e5" 139762279 4461 1 "e5" 183138032 5908 1 "e5" 196016203 4132 1
1 "e5" 139804308 3510 1 "e5" 183184652 46218 1 "e5" 196212223 11961 1
1 "e5" 139837362 3721 1 "e5" 183234662 6419 1 "e5" 196272988 4680 1
1 "e5" 139847272 4674 1 "e5" 183247190 5982 1 "e5" 196284194 7633 1
1 "e5" 139856828 5702 1 "e5" 183260345 6483 1 "e5" 196304432 4897 1
-18 "e5" 139863033 177456 1 "e5" 183270205 248846 1 "e5" 204616627 245695 -1
1 "e5" 139863033 4012 1 "e5" 183270205 4182 1 "e5" 204859341 2981 -1
1 "e5" 139867819 9035 1 "e5" 183275091 9576 1 "e5" 204848945 5856 -1
1 "e5" 139891656 5748 1 "e5" 183311924 29034 1 "e5" 204807848 19288 -1
1 "e5" 139969141 9009 1 "e5" 183426967 7596 1 "e5" 204729397 9084 -1
1 "e5" 139979437 3419 1 "e5" 183441989 3185 1 "e5" 204725811 2734 -1
1 "e5" 140002609 9273 1 "e5" 183480757 4478 1 "e5" 204684191 3233 -1
1 "e5" 140018043 22446 1 "e5" 183491217 27834 1 "e5" 204616627 22123 -1
-19 "e5" 140043781 49690 1 "e5" 187151082 51229 1 "e5" 226649841 66253 1
1 "e5" 140043781 5664 1 "e5" 187151082 2216 1 "e5" 226649841 5675 1
1 "e5" 140086237 7234 1 "e5" 187199532 2779 1 "e5" 226714962 1132 1
-20 "e5" 140605509 289565 1 "e5" 177635212 369804 -1 "e5" 202850975 401414 -1
1 "e5" 140605509 4301 1 "e5" 178000551 4465 -1 "e5" 203249545 2844 -1
1 "e5" 140697880 833 1 "e5" 177896390 8443 -1 "e5" 203136333 815 -1
1 "e5" 140725201 2837 1 "e5" 177868260 2711 -1 "e5" 203105100 2803 -1
1 "e5" 140810045 6869 1 "e5" 177738580 8525 -1 "e5" 203001196 6929 -1
1 "e5" 140840005 691 1 "e5" 177710268 867 -1 "e5" 202961109 1047 -1
1 "e5" 140889109 1961 1 "e5" 177643123 2140 -1 "e5" 202857235 1818 -1
1 "e5" 140892042 3032 1 "e5" 177635212 7291 -1 "e5" 202850975 5506 -1
-21 "e5" 140837868 210445 1 "e5" 177442371 271146 -1 "e5" 224038484 208548 1
1 "e5" 140837868 2073 1 "e5" 177711193 2324 -1 "e5" 224073077 2304 1
2 "e5" 140897134 1865 1 "e5" 177632648 1835 -1 "e5" 224038484 2285 1
2 "e5" 140899575 5982 1 "e5" 177625017 7103 -1 "e5" 224041219 6573 1
2 "e5" 140905676 7199 1 "e5" 177615176 7839 -1 "e5" 224057157 2419 1
2 "e5" 140913941 3573 1 "e5" 177609005 3301 -1 "e5" 224061731 3609 1
2 "e5" 140919284 1617 1 "e5" 177604402 1614 -1 "e5" 224069601 1647 1
2 "e5" 140921200 1253 1 "e5" 177602831 1278 -1 "e5" 224071422 1317 1
3 "e5" 140922773 6093 1 "e5" 177595814 3350 -1 "e5" 224076806 3053 1
3 "e5" 140930037 5260 1 "e5" 177587831 6326 -1 "e5" 224081593 4983 1
3 "e5" 140935889 14826 1 "e5" 177579637 2407 -1 "e5" 224092656 2131 1
3 "e5" 140955125 2673 1 "e5" 177559677 3115 -1 "e5" 224117195 2235 1
4 "e5" 141028707 1376 1 "e5" 177474458 1387 1 "e5" 224189379 1420 1
5 "e5" 141040390 887 1 "e5" 177450751 890 -1 "e5" 224232087 887 1
5 "e5" 141042903 5410 1 "e5" 177442371 6507 -1 "e5" 224244995 2037 1
-22 "e5" 141056637 170806 1 "e5" 175947779 242210 1 "e5" 193689758 253123 1
1 "e5" 141056637 1892 1 "e5" 175947779 518 1 "e5" 193689758 1474 1
1 "e5" 141073597 1937 1 "e5" 175968541 3420 1 "e5" 193711901 2232 1
1 "e5" 141224696 1393 1 "e5" 176182655 6403 1 "e5" 193921751 15082 1
1 "e5" 141226748 695 1 "e5" 176189294 695 1 "e5" 193942023 858 1
-23 "e5" 141227926 31094 1 "e5" 182585076 42930 -1 "e5" 227509333 37638 -1
1 "e5" 141227926 11763 1 "e5" 182612521 15485 -1 "e5" 227538202 8769 -1
2 "e5" 141254297 4723 1 "e5" 182585076 7223 -1 "e5" 227509333 4776 1
-24 "e5" 141443467 146843 1 "e5" 182107344 191655 -1 "e5" 229151071 127133 1
1 "e5" 141443467 572 1 "e5" 182298448 551 -1 "e5" 229151071 518 1
1 "e5" 141453379 785 1 "e5" 182286318 746 -1 "e5" 229159343 692 1
1 "e5" 141457567 19717 1 "e5" 182260433 20640 -1 "e5" 229170956 7968 1
1 "e5" 141572528 2345 1 "e5" 182125794 6402 -1 "e5" 229264765 2536 1
1 "e5" 141578015 2091 1 "e5" 182118285 2808 -1 "e5" 229270821 2574 1
1 "e5" 141585464 4846 1 "e5" 182107344 7557 -1 "e5" 229275984 2220 1
-25 "e5" 141607861 23661 1 "e5" 185547150 29310 -1 "e5" 227873017 27989 1
1 "e5" 141607861 3423 1 "e5" 185572334 4126 -1 "e5" 227873017 2924 1
1 "e5" 141630067 1455 1 "e5" 185547150 5198 -1 "e5" 227899376 1630 1
-26 "e5" 141681542 115834 1 "e5" 168633119 62764 1 "e5" 212242789 170947 -1
1 "e5" 141681542 1066 1 "e5" 168633119 1794 1 "e5" 212412945 791 -1
1 "e5" 141687714 10934 1 "e5" 168638951 22609 1 "e5" 212392753 11411 -1
1 "e5" 141726643 4079 1 "e5" 168682791 2374 1 "e5" 212326309 2942 -1
1 "e5" 141795830 1546 1 "e5" 168694849 1034 1 "e5" 212242789 1567 -1
-27 "e5" 141812548 106031 1 "e5" 168728585 113731 1 "e5" 225831381 167044 1
1 "e5" 141812548 5720 1 "e5" 168728585 5577 -1 "e5" 225831381 2962 -1
2 "e5" 141843350 4655 1 "e5" 168756062 7345 1 "e5" 225877158 3350 1
2 "e5" 141876659 17235 1 "e5" 168797934 18232 1 "e5" 225938235 14717 1
2 "e5" 141896950 4117 1 "e5" 168816411 4766 1 "e5" 225971703 452 1
2 "e5" 141912992 5587 1 "e5" 168836380 5936 1 "e5" 225996535 1890 1
-28 "e5" 141923294 96257 1 "e5" 171410139 91406 1 "e5" 226006232 110528 1
1 "e5" 141923294 1533 1 "e5" 171410139 1562 1 "e5" 226006232 1827 1
1 "e5" 141935132 1364 1 "e5" 171422275 1367 1 "e5" 226020448 1334 1
1 "e5" 141937110 1374 1 "e5" 171424194 1702 1 "e5" 226023637 989 1
1 "e5" 141952896 3289 1 "e5" 171439023 13504 1 "e5" 226040711 4011 1
1 "e5" 142014456 2063 1 "e5" 171499194 1018 1 "e5" 226113836 1751 1
1 "e5" 142016629 2922 1 "e5" 171500217 1328 1 "e5" 226115851 909 1
-29 "e5" 142067493 14668 1 "e5" 180226147 23365 -1 "e5" 214778991 18595 -1
1 "e5" 142067493 2167 1 "e5" 180245704 3808 -1 "e5" 214794381 3205 -1
1 "e5" 142079738 2423 1 "e5" 180226147 2576 -1 "e5" 214778991 2195 -1
-30 "e5" 142170610 613888 1 "e5" 184501381 789947 -1 "e5" 213788585 872816 -1
1 "e5" 142170610 3413 1 "e5" 185286861 4467 -1 "e5" 214659956 1445 -1
1 "e5" 142197784 3334 1 "e5" 185255098 3871 -1 "e5" 214628150 4701 -1
1 "e5" 142204253 3272 1 "e5" 185249658 1524 -1 "e5" 214620859 2856 -1
1 "e5" 142551406 5262 1 "e5" 184793857 5719 -1 "e5" 214187556 172079 -1
1 "e5" 142571937 3188 1 "e5" 184751290 21656 -1 "e5" 214158531 2078 -1
1 "e5" 142599865 4125 1 "e5" 184734716 2671 -1 "e5" 214120624 664 -1
2 "e5" 142608972 1453 1 "e5" 184727440 1829 -1 "e5" 214100648 686 1
3 "e5" 142639104 4985 1 "e5" 184670491 1328 -1 "e5" 214042185 521 -1
3 "e5" 142723043 8245 1 "e5" 184571955 39875 -1 "e5" 213919361 6676 -1
3 "e5" 142759807 1041 1 "e5" 184536637 785 -1 "e5" 213836921 515 -1
3 "e5" 142761581 12137 1 "e5" 184529048 6326 -1 "e5" 213825586 8729 -1
3 "e5" 142776145 8353 1 "e5" 184501381 5978 -1 "e5" 213788585 8487 -1
-31 "e5" 142810524 222170 1 "e5" 173320621 336689 1 "e5" 220461987 328580 -1
1 "e5" 142810524 10244 1 "e5" 173320621 2060 1 "e5" 220788797 1770 -1
1 "e5" 142868225 2764 1 "e5" 173380363 24609 1 "e5" 220717078 27275 -1
1 "e5" 142879610 2058 1 "e5" 173406994 2074 1 "e5" 220705346 1171 -1
1 "e5" 143001793 3277 1 "e5" 173577427 39942 1 "e5" 220507402 5297 -1
1 "e5" 143031340 1354 1 "e5" 173649957 7353 1 "e5" 220461987 1697 -1
-32 "e5" 143149903 182606 1 "e5" 180945219 349439 -1 "e5" 228174790 192387 1
1 "e5" 143149903 5491 1 "e5" 181287792 6866 -1 "e5" 228174790 5450 1
1 "e5" 143163830 2527 1 "e5" 181271248 6096 -1 "e5" 228188909 2517 1
1 "e5" 143186689 3866 1 "e5" 181196911 3974 -1 "e5" 228213560 2948 1
1 "e5" 143223773 1776 1 "e5" 181155363 20072 -1 "e5" 228225290 32895 1
1 "e5" 143265134 2107 1 "e5" 181070676 1327 -1 "e5" 228298673 1319 1
1 "e5" 143269926 7020 1 "e5" 181055645 10884 -1 "e5" 228303636 7465 1
1 "e5" 143285474 2229 1 "e5" 181033514 19532 -1 "e5" 228319419 1791 1
1 "e5" 143307206 1435 1 "e5" 181008736 2228 -1 "e5" 228340692 1222 1
1 "e5" 143317027 13691 1 "e5" 180950086 13039 -1 "e5" 228348707 15324 1
1 "e5" 143331041 1468 1 "e5" 180945219 2451 -1 "e5" 228365907 1270 1
-33 "e5" 143421368 173610 1 "e5" 172969544 273505 1 "e5" 216147837 222931 -1
1 "e5" 143421368 5788 1 "e5" 172969544 4127 1 "e5" 216365361 5407 -1
1 "e5" 143428252 3667 1 "e5" 172974774 7816 1 "e5" 216354832 8370 -1
1 "e5" 143444566 3961 1 "e5" 173002218 7100 1 "e5" 216333320 5643 -1
1 "e5" 143452141 3253 1 "e5" 173015743 9311 1 "e5" 216324969 4609 -1
1 "e5" 143464378 3543 1 "e5" 173029188 9577 1 "e5" 216310380 10843 -1
1 "e5" 143486796 3132 1 "e5" 173063407 3614 1 "e5" 216285501 3019 -1
1 "e5" 143512078 7953 1 "e5" 173074902 52088 1 "e5" 216246761 26070 -1
1 "e5" 143564587 2136 1 "e5" 173204055 671 1 "e5" 216182390 677 -1
1 "e5" 143574846 1685 1 "e5" 173214901 2055 1 "e5" 216169980 7659 -1
1 "e5" 143592047 2931 1 "e5" 173232771 10278 1 "e5" 216147837 703 -1
-34 "e5" 143945871 87463 1 "e5" 165655375 113231 1 "e5" 215585154 115928 -1
1 "e5" 143945871 5264 1 "e5" 165655375 8071 1 "e5" 215662490 38592 -1
1 "e5" 144016380 2131 1 "e5" 165737753 2362 1 "e5" 215608255 2604 -1
1 "e5" 144023719 3172 1 "e5" 165746016 1234 1 "e5" 215597317 1195 -1
1 "e5" 144027525 5809 1 "e5" 165749946 18660 1 "e5" 215585154 7675 -1
-35 "e5" 144036100 81652 1 "e5" 177023825 113090 1 "e5" 224516967 108277 -1
1 "e5" 144036100 4280 1 "e5" 177023825 5608 1 "e5" 224611017 14227 -1
1 "e5" 144048224 13691 1 "e5" 177050918 6125 1 "e5" 224594658 5740 -1
1 "e5" 144076477 905 1 "e5" 177077466 1393 1 "e5" 224574857 908 -1
1 "e5" 144080388 4027 1 "e5" 177083297 3955 1 "e5" 224568152 1530 -1
1 "e5" 144094310 1868 1 "e5" 177097996 8386 1 "e5" 224551214 16472 -1
1 "e5" 144110956 6796 1 "e5" 177118969 17946 1 "e5" 224516967 31925 -1
-36 "e5" 144218932 49169 1 "e5" 170996080 46508 1 "e5" 225251932 46265 1
1 "e5" 144218932 5366 1 "e5" 170996080 17282 1 "e5" 225251932 587 1
1 "e5" 144261687 6414 1 "e5" 171035754 6834 1 "e5" 225297327 870 1
-37 "e5" 144273237 332439 1 "e5" 171557029 409096 -1 "e5" 225313233 438659 1
1 "e5" 144273237 3875 1 "e5" 171959170 6955 -1 "e5" 225313233 3862 1
1 "e5" 144304413 5076 1 "e5" 171919759 17424 -1 "e5" 225350188 7640 1
1 "e5" 144451060 616 1 "e5" 171747895 11588 -1 "e5" 225526660 10803 1
1 "e5" 144461702 2999 1 "e5" 171742219 3373 -1 "e5" 225548306 3171 1
1 "e5" 144465238 4817 1 "e5" 171736862 4897 -1 "e5" 225554779 1361 1
1 "e5" 144470706 2629 1 "e5" 171731092 5379 -1 "e5" 225559937 2093 1
1 "e5" 144478148 2061 1 "e5" 171724819 4002 -1 "e5" 225569851 1036 1
1 "e5" 144502296 12143 1 "e5" 171685698 37775 -1 "e5" 225589332 26248 1
1 "e5" 144563350 2868 1 "e5" 171623372 3558 -1 "e5" 225707643 3424 1
1 "e5" 144598430 7246 1 "e5" 171557029 8526 -1 "e5" 225746478 5414 1
-38 "e5" 144897629 7634 1 "e5" 172335299 9370 1 "e5" 215237551 7935 1
1 "e5" 144897629 2436 1 "e5" 172335299 4042 1 "e5" 215237551 2685 1
1 "e5" 144903036 2227 1 "e5" 172342138 2531 1 "e5" 215243799 1687 1
-39 "e5" 144907658 323515 1 "e5" 192636824 447177 1 "e5" 197508727 684594 -1
1 "e5" 144907658 28151 1 "e5" 192636824 32713 1 "e5" 198164160 29161 -1
1 "e5" 144948866 27906 1 "e5" 192709813 5250 1 "e5" 198109464 4175 -1
1 "e5" 145003891 760 1 "e5" 192760206 8839 1 "e5" 198021263 974 -1
1 "e5" 145211441 6727 1 "e5" 193037719 25373 1 "e5" 197535057 14346 -1
1 "e5" 145220455 5628 1 "e5" 193068675 8745 1 "e5" 197516916 9840 -1
1 "e5" 145229053 2120 1 "e5" 193081206 2795 1 "e5" 197508727 2171 -1
-40 "e5" 145311818 25915 1 "e5" 193253456 31556 1 "e5" 201237118 42386 1
1 "e5" 145311818 13514 1 "e5" 193253456 13752 1 "e5" 201237118 24093 1
1 "e5" 145329045 8688 1 "e5" 193282589 2423 1 "e5" 201277012 2492 1
-41 "e5" 145427120 234265 1 "e5" 182628911 315828 -1 "e5" 227551482 250007 -1
1 "e5" 145427120 7069 1 "e5" 182938039 6700 -1 "e5" 227795622 5867 -1
1 "e5" 145436981 16951 1 "e5" 182908838 21855 -1 "e5" 227784516 2083 -1
1 "e5" 145517422 3483 1 "e5" 182816821 4835 -1 "e5" 227699102 3979 -1
1 "e5" 145539724 2824 1 "e5" 182789337 3296 -1 "e5" 227676649 2800 -1
1 "e5" 145542874 3380 1 "e5" 182784963 3491 -1 "e5" 227673154 2841 -1
1 "e5" 145561334 17223 1 "e5" 182754590 11338 -1 "e5" 227648986 6983 -1
1 "e5" 145585239 3313 1 "e5" 182727906 3731 -1 "e5" 227627388 3227 -1
1 "e5" 145589984 1566 1 "e5" 182724459 2954 -1 "e5" 227624451 1677 -1
1 "e5" 145592886 2047 1 "e5" 182719411 4000 -1 "e5" 227620319 377 -1
1 "e5" 145623636 5056 1 "e5" 182666475 4851 -1 "e5" 227584626 25268 -1
1 "e5" 145659396 1989 1 "e5" 182628911 959 -1 "e5" 227551482 888 -1
-42 "e5" 145662991 648874 1 "e5" 176190598 808549 1 "e5" 193943492 887187 1
1 "e5" 145662991 6886 1 "e5" 176190598 10053 1 "e5" 193943492 11626 1
1 "e5" 145672409 3663 1 "e5" 176203741 3056 1 "e5" 193958758 2879 1
1 "e5" 145689354 19619 1 "e5" 176226185 19986 1 "e5" 193985012 23156 1
1 "e5" 145713461 1925 1 "e5" 176252169 4984 1 "e5" 194012337 1066 1
1 "e5" 145741575 3777 1 "e5" 176288181 3874 1 "e5" 194051351 3451 1
1 "e5" 145869527 2554 1 "e5" 176413065 8903 1 "e5" 194165550 23961 1
1 "e5" 145927219 1672 1 "e5" 176488001 26763 1 "e5" 194277746 34442 1
1 "e5" 145981784 6199 1 "e5" 176591709 2324 1 "e5" 194374513 1357 1
1 "e5" 145992898 1074 1 "e5" 176601385 1179 1 "e5" 194384976 1149 1
1 "e5" 146199727 1899 1 "e5" 176865660 1791 1 "e5" 194681663 725 1
1 "e5" 146216546 3031 1 "e5" 176906174 4062 1 "e5" 194697640 23592 1
2 "e5" 146223138 852 1 "e5" 176910766 1928 1 "e5" 194744404 1484 1
3 "e5" 146224670 4372 1 "e5" 176912931 4641 1 "e5" 194733853 4545 -1
4 "e5" 146229109 4150 1 "e5" 176918006 2623 1 "e5" 194828781 1898 -1
4 "e5" 146233348 7893 1 "e5" 176926585 4440 1 "e5" 194816662 3485 -1
4 "e5" 146246911 1774 1 "e5" 176932004 2157 1 "e5" 194811886 1663 -1
4 "e5" 146249492 4526 1 "e5" 176934623 2781 1 "e5" 194807934 3004 -1
4 "e5" 146254232 1033 1 "e5" 176939228 1194 1 "e5" 194803784 918 -1
4 "e5" 146259122 5817 1 "e5" 176947899 863 1 "e5" 194795179 884 -1
4 "e5" 146284242 4256 1 "e5" 176970025 4527 1 "e5" 194767717 5295 -1
4 "e5" 146308506 1329 1 "e5" 176995576 1678 1 "e5" 194747969 1627 -1
4 "e5" 146310477 586 1 "e5" 176997581 760 1 "e5" 194746909 820 -1
4 "e5" 146311223 642 1 "e5" 176998352 795 1 "e5" 194746283 527 -1
-43 "e5" 146314939 8627 1 "e5" 176999431 12481 1 "e5" 224675579 12850 -1
1 "e5" 146314939 871 1 "e5" 176999431 7594 1 "e5" 224680603 7826 -1
1 "e5" 146320334 3232 1 "e5" 177007194 4718 1 "e5" 224675579 4634 -1
-44 "e5" 146376603 216424 1 "e5" 170395004 237514 1 "e5" 221871894 334575 -1
1 "e5" 146376603 6746 1 "e5" 170395004 6705 1 "e5" 222199449 7020 -1
1 "e5" 146391910 3735 1 "e5" 170407396 8179 1 "e5" 222178799 11120 -1
1 "e5" 146430499 741 1 "e5" 170428534 23387 1 "e5" 222128003 626 -1
1 "e5" 146433252 2336 1 "e5" 170454384 2036 1 "e5" 222123273 1747 -1
1 "e5" 146461962 1044 1 "e5" 170491151 1397 1 "e5" 222078656 1255 -1
1 "e5" 146542788 2164 1 "e5" 170568595 18233 1 "e5" 221946208 857 -1
1 "e5" 146565563 3808 1 "e5" 170605691 5585 1 "e5" 221903632 4687 -1
1 "e5" 146590018 3009 1 "e5" 170629474 3044 1 "e5" 221871894 4268 -1
-45 "e5" 146629787 44644 1 "e5" 181316997 57222 -1 "e5" 197125157 72505 -1
1 "e5" 146629787 1962 1 "e5" 181373605 614 -1 "e5" 197194966 2696 -1
1 "e5" 146670253 1389 1 "e5" 181319996 1485 -1 "e5" 197128085 1423 -1
1 "e5" 146671743 2688 1 "e5" 181316997 2983 -1 "e5" 197125157 2825 -1
-46 "e5" 146873786 9152 1 "e5" 183586699 13438 -1 "e5" 204464348 48737 1
1 "e5" 146873786 311 1 "e5" 183591876 8261 -1 "e5" 204464348 272 1
1 "e5" 146881428 1510 1 "e5" 183586699 3477 -1 "e5" 204511662 1423 1
-47 "e5" 147124809 596291 1 "e5" 167571297 617645 1 "e5" 218946069 849514 1
1 "e5" 147124809 9094 1 "e5" 167571297 8153 1 "e5" 218946069 4410 1
1 "e5" 147161203 15356 1 "e5" 167611186 5647 1 "e5" 219003782 6442 1
1 "e5" 147177285 3417 1 "e5" 167628449 11632 1 "e5" 219029385 15747 1
1 "e5" 147224897 2126 1 "e5" 167643214 44009 1 "e5" 219087463 2839 1
1 "e5" 147290653 3607 1 "e5" 167737567 8944 1 "e5" 219163979 2297 1
1 "e5" 147294495 4585 1 "e5" 167746543 6251 1 "e5" 219185742 3894 1
1 "e5" 147454731 4928 1 "e5" 167903775 6834 1 "e5" 219406280 4338 1
1 "e5" 147460248 2759 1 "e5" 167911247 2591 1 "e5" 219417681 3322 1
1 "e5" 147497258 869 1 "e5" 167943766 912 1 "e5" 219464933 883 1
1 "e5" 147505733 4129 1 "e5" 167952981 11928 1 "e5" 219478260 19311 1
1 "e5" 147581907 542 1 "e5" 168028488 728 1 "e5" 219635211 523 1
1 "e5" 147592513 2402 1 "e5" 168039638 7453 1 "e5" 219653956 2172 1
1 "e5" 147605701 1762 1 "e5" 168053104 2694 1 "e5" 219667652 2721 1
1 "e5" 147663904 1784 1 "e5" 168111965 1589 1 "e5" 219735056 2891 1
1 "e5" 147676317 5373 1 "e5" 168127018 4769 1 "e5" 219753047 1994 1
1 "e5" 147705997 15103 1 "e5" 168161943 26999 1 "e5" 219788725 6858 1
-48 "e5" 147758635 201817 1 "e5" 168215418 212922 1 "e5" 212711777 375141 -1
1 "e5" 147758635 6476 1 "e5" 168215418 9816 1 "e5" 213061196 25722 -1
1 "e5" 147797611 549 1 "e5" 168245590 23669 1 "e5" 212997193 21274 -1
1 "e5" 147820458 3913 1 "e5" 168285248 1777 1 "e5" 212968361 1463 -1
1 "e5" 147827260 1556 1 "e5" 168290335 1490 1 "e5" 212963331 1480 -1
1 "e5" 147850163 2829 1 "e5" 168314412 2914 1 "e5" 212865686 2605 -1
1 "e5" 147857900 3833 1 "e5" 168320439 5093 1 "e5" 212854587 6207 -1
1 "e5" 147862097 889 1 "e5" 168326097 1121 1 "e5" 212853030 840 -1
1 "e5" 147863228 923 1 "e5" 168327373 1102 1 "e5" 212850945 1155 -1
1 "e5" 147898462 2046 1 "e5" 168363339 5678 1 "e5" 212801829 3085 -1
1 "e5" 147910000 8246 1 "e5" 168373708 13281 1 "e5" 212753135 24233 -1
1 "e5" 147959694 758 1 "e5" 168427417 923 1 "e5" 212711777 734 -1
-49 "e5" 148227615 12627 1 "e5" 183931524 9644 1 "e5" 204158839 13670 -1
1 "e5" 148227615 5588 1 "e5" 183931524 3396 1 "e5" 204169557 2952 -1
1 "e5" 148234313 590 1 "e5" 183936767 593 1 "e5" 204161927 2690 -1
1 "e5" 148236972 3270 1 "e5" 183939602 1566 1 "e5" 204158839 1382 -1
-50 "e5" 148242280 68007 1 "e5" 162580932 94213 1 "e5" 208363351 93305 1
1 "e5" 148242280 543 1 "e5" 162580932 1975 1 "e5" 208363351 6363 1
1 "e5" 148246328 2031 1 "e5" 162586998 3088 1 "e5" 208371769 2304 1
1 "e5" 148248698 2135 1 "e5" 162590296 2740 1 "e5" 208374498 2521 1
1 "e5" 148252996 336 1 "e5" 162594580 18591 1 "e5" 208378411 21863 1
1 "e5" 148300120 10167 1 "e5" 162664634 10511 1 "e5" 208455144 1512 1
-51 "e5" 148312662 14141 1 "e5" 174012247 16488 1 "e5" 220067676 25934 -1
1 "e5" 148312662 1482 1 "e5" 174012247 1840 1 "e5" 220091834 1776 -1
1 "e5" 148315326 11477 1 "e5" 174015083 13652 1 "e5" 220067676 22052 -1
-52 "e5" 148328465 8202 1 "e5" 170896264 9392 -1 "e5" 221328474 7081 1
1 "e5" 148328465 3062 1 "e5" 170902479 3177 -1 "e5" 221328474 1522 1
1 "e5" 148332965 3702 1 "e5" 170896264 4346 -1 "e5" 221332265 3290 1
-53 "e5" 148349053 104722 1 "e5" 170257736 114777 1 "e5" 222240595 166568 -1
1 "e5" 148349053 3140 1 "e5" 170257736 2970 1 "e5" 222403320 3843 -1
1 "e5" 148374584 1157 1 "e5" 170286571 1031 1 "e5" 222365004 5032 -1
1 "e5" 148376557 1231 1 "e5" 170288593 2671 1 "e5" 222363040 876 -1
1 "e5" 148378476 2803 1 "e5" 170291884 1295 1 "e5" 222356743 1352 -1
1 "e5" 148381355 676 1 "e5" 170293299 1304 1 "e5" 222355562 873 -1
1 "e5" 148382694 2981 1 "e5" 170296805 966 1 "e5" 222351322 540 -1
1 "e5" 148409408 2077 1 "e5" 170319799 8888 1 "e5" 222304524 1855 -1
1 "e5" 148416736 2133 1 "e5" 170335569 2317 1 "e5" 222291001 1968 -1
1 "e5" 148419416 1864 1 "e5" 170339069 5359 1 "e5" 222288427 1869 -1
1 "e5" 148421442 2426 1 "e5" 170345144 1781 1 "e5" 222272368 1183 -1
1 "e5" 148424644 449 1 "e5" 170349589 986 1 "e5" 222267855 1204 -1
1 "e5" 148425515 6619 1 "e5" 170354684 4045 1 "e5" 222257079 5496 -1
1 "e5" 148432884 805 1 "e5" 170359492 852 1 "e5" 222254540 662 -1
1 "e5" 148433952 19823 1 "e5" 170368072 4441 1 "e5" 222240595 2786 -1
-54 "e5" 148514262 522334 1 "e5" 185582143 705233 -1 "e5" 194841328 701232 1
1 "e5" 148514262 2211 1 "e5" 186285074 2302 -1 "e5" 194841328 2202 1
1 "e5" 148517022 2698 1 "e5" 186250536 2604 -1 "e5" 194849321 2519 1
1 "e5" 148564314 1104 1 "e5" 186193865 1340 -1 "e5" 194922132 1102 1
1 "e5" 148565749 3706 1 "e5" 186189619 3961 -1 "e5" 194923775 3486 1
1 "e5" 148575624 1691 1 "e5" 186180860 1715 -1 "e5" 194935519 2081 1
1 "e5" 148578126 1176 1 "e5" 186169334 851 -1 "e5" 194937904 1560 1
1 "e5" 148579850 1595 1 "e5" 186167310 1633 -1 "e5" 194939951 1440 1
1 "e5" 148582568 920 1 "e5" 186163499 3474 -1 "e5" 194943618 790 1
1 "e5" 148587468 1023 1 "e5" 186159892 1667 -1 "e5" 194951876 1021 1
1 "e5" 148600392 3800 1 "e5" 186141361 4806 -1 "e5" 194966543 3945 1
1 "e5" 148977292 2054 1 "e5" 185688894 12672 -1 "e5" 195440637 2651 1
1 "e5" 149003585 503 1 "e5" 185670412 10641 -1 "e5" 195468367 733 1
1 "e5" 149013272 2407 1 "e5" 185607390 1398 -1 "e5" 195515352 823 1
1 "e5" 149018338 4325 1 "e5" 185599117 4692 -1 "e5" 195520824 5639 1
1 "e5" 149023116 2311 1 "e5" 185595098 3092 -1 "e5" 195527642 2254 1
1 "e5" 149028200 8396 1 "e5" 185582143 10012 -1 "e5" 195533789 8771 1
-55 "e5" 149188568 26707 1 "e5" 181719727 28801 -1 "e5" 229445824 33292 1
1 "e5" 149188568 10614 1 "e5" 181744978 3550 -1 "e5" 229445824 2882 1
1 "e5" 149211486 735 1 "e5" 181722416 1073 -1 "e5" 229475442 1064 1
1 "e5" 149212465 2810 1 "e5" 181719727 2604 -1 "e5" 229477017 2099 1
-56 "e5" 149267876 86737 1 "e5" 181517931 114848 -1 "e5" 202723074 124353 -1
1 "e5" 149267876 5840 1 "e5" 181627265 5514 -1 "e5" 202840903 6524 -1
1 "e5" 149277875 12080 1 "e5" 181610291 9187 -1 "e5" 202824777 1981 -1
1 "e5" 149292764 1184 1 "e5" 181591153 1262 -1 "e5" 202799523 1244 -1
1 "e5" 149302211 15209 1 "e5" 181566683 8058 -1 "e5" 202776570 3251 -1
1 "e5" 149319225 2172 1 "e5" 181552673 2675 -1 "e5" 202763479 1615 -1
1 "e5" 149352131 2482 1 "e5" 181517931 4685 -1 "e5" 202723074 2423 -1
-57 "e5" 149355743 65153 1 "e5" 163753999 68982 -1 "e5" 199082449 80246 1
1 "e5" 149355743 1703 1 "e5" 163821166 1815 -1 "e5" 199082449 3408 1
1 "e5" 149358118 4181 1 "e5" 163816435 4539 -1 "e5" 199086603 6171 1
1 "e5" 149415438 5458 1 "e5" 163753999 3418 -1 "e5" 199160735 1960 1
-58 "e5" 149709403 55208 1 "e5" 194399912 76572 -1 "e5" 209674594 77639 -1
1 "e5" 149709403 5575 1 "e5" 194469913 6571 -1 "e5" 209748721 3512 -1
1 "e5" 149715058 9553 1 "e5" 194453952 15864 -1 "e5" 209731423 13642 -1
1 "e5" 149762969 1642 1 "e5" 194399912 12139 -1 "e5" 209674594 53134 -1
-59 "e5" 149770010 191406 1 "e5" 174775932 234358 -1 "e5" 205393202 214999 -1
1 "e5" 149770010 3644 1 "e5" 175007856 2434 -1 "e5" 205605924 2277 -1
1 "e5" 149776454 1871 1 "e5" 175001559 3841 -1 "e5" 205599729 3457 -1
1 "e5" 149779170 1685 1 "e5" 174995687 1828 -1 "e5" 205597486 1951 -1
1 "e5" 149801985 849 1 "e5" 174946180 28918 -1 "e5" 205564692 24124 -1
1 "e5" 149948397 419 1 "e5" 174792753 440 -1 "e5" 205409067 23046 -1
1 "e5" 149952769 2143 1 "e5" 174783823 4361 -1 "e5" 205400383 2549 -1
1 "e5" 149960306 1110 1 "e5" 174775932 3977 -1 "e5" 205393202 1139 -1
-60 "e5" 149985528 22962 1 "e5" 184470937 28053 1 "e5" 226426034 25291 1
1 "e5" 149985528 6425 1 "e5" 184470937 7721 1 "e5" 226426034 5964 1
1 "e5" 149998192 10298 1 "e5" 184484699 14291 1 "e5" 226445197 6128 1
-61 "e5" 150013017 28452 1 "e5" 163989215 44777 -1 "e5" 226461500 32243 1
1 "e5" 150013017 5776 1 "e5" 164029455 4537 -1 "e5" 226461500 2689 1
1 "e5" 150023012 13452 1 "e5" 163995941 7263 -1 "e5" 226481987 5490 1
1 "e5" 150037123 4346 1 "e5" 163989215 5880 -1 "e5" 226487769 5974 1
-62 "e5" 150605447 13049 1 "e5" 189463616 14103 1 "e5" 228584112 10850 -1
1 "e5" 150605447 3419 1 "e5" 189463616 675 1 "e5" 228594309 653 -1
1 "e5" 150608899 476 1 "e5" 189466105 704 1 "e5" 228592059 472 -1
1 "e5" 150612502 1991 1 "e5" 189471687 677 1 "e5" 228588494 661 -1
1 "e5" 150617486 1010 1 "e5" 189476839 880 1 "e5" 228584112 892 -1
-63 "e5" 150667238 21022 1 "e5" 180599033 22916 1 "e5" 228499357 39682 -1
1 "e5" 150667238 1493 1 "e5" 180599033 1463 1 "e5" 228537663 1376 -1
1 "e5" 150678931 865 1 "e5" 180613225 900 1 "e5" 228524647 821 -1
1 "e5" 150681293 6967 1 "e5" 180615990 5959 1 "e5" 228499357 23312 -1
-64 "e5" 150771384 47190 1 "e5" 180765387 48394 1 "e5" 221626964 88005 1
1 "e5" 150771384 1490 1 "e5" 180765387 1450 1 "e5" 221626964 1957 1
1 "e5" 150787230 3037 1 "e5" 180782954 17039 1 "e5" 221661014 3686 1
1 "e5" 150814080 1946 1 "e5" 180808779 2502 1 "e5" 221710107 2339 1
1 "e5" 150816971 1603 1 "e5" 180812010 1771 1 "e5" 221713531 1438 1
-65 "e5" 150888924 51896 1 "e5" 162888494 66403 -1 "e5" 208781355 67740 -1
1 "e5" 150888924 4488 1 "e5" 162950307 4590 -1 "e5" 208845036 4059 -1
1 "e5" 150893897 1824 1 "e5" 162947547 2112 -1 "e5" 208842654 1435 -1
1 "e5" 150900888 3293 1 "e5" 162938556 8696 -1 "e5" 208799540 42758 -1
1 "e5" 150935311 5509 1 "e5" 162888494 18719 -1 "e5" 208781355 12462 -1
-66 "e5" 150993586 19680 1 "e5" 181424306 25019 1 "e5" 197275997 40071 1
1 "e5" 150993586 3347 1 "e5" 181424306 3807 1 "e5" 197275997 3620 1
1 "e5" 151010100 260 1 "e5" 181442240 1301 1 "e5" 197308744 3245 1
1 "e5" 151011421 1845 1 "e5" 181444299 5026 1 "e5" 197314051 2017 1
-67 "e5" 151085886 33146 1 "e5" 163825854 39262 1 "e5" 199030930 51122 -1
1 "e5" 151085886 21239 1 "e5" 163825854 6189 1 "e5" 199073749 8303 -1
1 "e5" 151114271 4761 1 "e5" 163858572 6544 1 "e5" 199030930 16496 -1
-68 "e5" 151311624 635777 1 "e5" 161839221 711881 1 "e5" 207617022 704963 1
1 "e5" 151311624 974 1 "e5" 161839221 1088 1 "e5" 207617022 845 1
1 "e5" 151386861 1378 1 "e5" 161871098 1497 1 "e5" 207651271 1465 1
1 "e5" 151401017 1737 1 "e5" 161872679 17590 1 "e5" 207668153 5320 1
1 "e5" 151404876 1542 1 "e5" 161893025 5426 1 "e5" 207676878 6728 1
1 "e5" 151416313 6580 1 "e5" 161907374 9721 1 "e5" 207694809 5035 1
1 "e5" 151469817 4527 1 "e5" 161988155 7606 1 "e5" 207754522 1742 1
1 "e5" 151477724 8071 1 "e5" 161996291 14753 1 "e5" 207760650 8443 1
1 "e5" 151499750 4422 1 "e5" 162026056 4182 1 "e5" 207789782 2644 1
1 "e5" 151504429 635 1 "e5" 162031838 599 1 "e5" 207797713 605 1
1 "e5" 151551796 10313 1 "e5" 162059857 3053 1 "e5" 207828556 10787 1
1 "e5" 151563802 5270 1 "e5" 162072807 5819 1 "e5" 207841730 3835 1
1 "e5" 151570115 1462 1 "e5" 162078996 2224 1 "e5" 207849671 1538 1
1 "e5" 151574419 4466 1 "e5" 162082801 5100 1 "e5" 207851702 6179 1
1 "e5" 151580141 1090 1 "e5" 162091191 1085 1 "e5" 207858482 1386 1
1 "e5" 151871776 5404 1 "e5" 162443475 6145 1 "e5" 208185858 7197 1
1 "e5" 151930259 6405 1 "e5" 162532342 7786 1 "e5" 208299754 8215 1
1 "e5" 151939979 7422 1 "e5" 162542858 8244 1 "e5" 208312837 9148 1
-69 "e5" 151981176 91028 1 "e5" 178875918 111860 -1 "e5" 204046690 105017 -1
1 "e5" 151981176 1896 1 "e5" 178984863 2915 -1 "e5" 204148758 2949 -1
1 "e5" 151983660 9588 1 "e5" 178972597 12145 -1 "e5" 204141648 5949 -1
1 "e5" 152024293 5216 1 "e5" 178936480 10615 -1 "e5" 204106333 3068 -1
1 "e5" 152030068 3203 1 "e5" 178932003 4308 -1 "e5" 204100995 2857 -1
1 "e5" 152069464 2740 1 "e5" 178875918 4992 -1 "e5" 204046690 1222 -1
-70 "e5" 152292576 104434 1 "e5" 187282724 116574 1 "e5" 226782942 120124 1
1 "e5" 152292576 4627 1 "e5" 187282724 12980 1 "e5" 226782942 4154 1
1 "e5" 152372471 10479 1 "e5" 187373954 14212 1 "e5" 226878502 10952 1
1 "e5" 152387279 9731 1 "e5" 187392152 7146 1 "e5" 226896573 6493 1
-71 "e5" 152448432 196839 1 "e5" 187491230 282076 1 "e5" 200270612 264796 1
1 "e5" 152448432 1049 1 "e5" 187491230 7635 1 "e5" 200270612 824 1
1 "e5" 152470692 4380 1 "e5" 187533345 3916 1 "e5" 200303956 3971 1
2 "e5" 152488347 908 1 "e5" 187551368 7138 1 "e5" 200320127 542 -1
3 "e5" 152503737 1240 1 "e5" 187572916 3119 1 "e5" 200341115 956 1
3 "e5" 152521511 4525 1 "e5" 187601272 3174 1 "e5" 200368260 3625 1
3 "e5" 152527249 3270 1 "e5" 187606817 7450 1 "e5" 200376402 7987 1
3 "e5" 152532028 3861 1 "e5" 187616318 3875 1 "e5" 200387364 3711 1
3 "e5" 152555069 14555 1 "e5" 187652856 9312 1 "e5" 200424122 8605 1
3 "e5" 152572362 15707 1 "e5" 187685738 7531 1 "e5" 200469453 3729 1
3 "e5" 152589853 6025 1 "e5" 187695252 7769 1 "e5" 200477543 5584 1
3 "e5" 152633743 3101 1 "e5" 187750671 8834 1 "e5" 200514549 15457 1
3 "e5" 152637235 904 1 "e5" 187762451 917 1 "e5" 200530076 1179 1
3 "e5" 152640106 5165 1 "e5" 187764753 8553 1 "e5" 200532246 3162 1
-72 "e5" 152768428 75851 1 "e5" 175726849 91824 1 "e5" 211843816 127725 -1
1 "e5" 152768428 7099 1 "e5" 175726849 5858 1 "e5" 211964140 7401 -1
1 "e5" 152836907 1920 1 "e5" 175810187 2556 1 "e5" 211851412 2654 -1
2 "e5" 152839168 5111 1 "e5" 175814238 4435 -1 "e5" 211843816 2972 1
-73 "e5" 152984643 120925 1 "e5" 177297894 136214 -1 "e5" 224255816 122697 1
1 "e5" 152984643 1538 1 "e5" 177422628 11480 -1 "e5" 224255816 8824 1
1 "e5" 152992445 785 1 "e5" 177410954 1056 -1 "e5" 224271043 2871 1
1 "e5" 153100216 679 1 "e5" 177303604 1972 -1 "e5" 224369618 1703 1
1 "e5" 153104649 919 1 "e5" 177297894 2769 -1 "e5" 224377490 1023 1
-74 "e5" 153143132 71570 1 "e5" 170909618 72333 -1 "e5" 221214837 95477 1
1 "e5" 153143132 4990 1 "e5" 170972770 9181 -1 "e5" 221214837 7723 1
1 "e5" 153153280 5956 1 "e5" 170967654 3496 -1 "e5" 221239881 6522 1
1 "e5" 153168921 2320 1 "e5" 170952241 3983 -1 "e5" 221260694 2657 1
1 "e5" 153198627 1724 1 "e5" 170925006 3351 -1 "e5" 221295293 1766 1
1 "e5" 153201994 884 1 "e5" 170923310 970 -1 "e5" 221301438 975 1
1 "e5" 153203041 11661 1 "e5" 170909618 11813 -1 "e5" 221305070 5244 1
-75 "e5" 153398456 381027 1 "e5" 164816823 372181 -1 "e5" 198400159 558006 -1
1 "e5" 153398456 5625 1 "e5" 165183314 5690 -1 "e5" 198947631 10534 -1
1 "e5" 153406513 559 1 "e5" 165180389 1174 -1 "e5" 198940442 866 -1
1 "e5" 153413342 2112 1 "e5" 165173367 2144 -1 "e5" 198931063 4411 -1
1 "e5" 153485093 5125 1 "e5" 165103572 15412 -1 "e5" 198841265 6504 -1
1 "e5" 153516941 2619 1 "e5" 165064301 10773 -1 "e5" 198806564 4115 -1
1 "e5" 153574861 8994 1 "e5" 165013484 10797 -1 "e5" 198734338 30193 -1
1 "e5" 153583965 2563 1 "e5" 165008553 2660 -1 "e5" 198721067 1819 -1
1 "e5" 153587578 2881 1 "e5" 165004620 2863 -1 "e5" 198713176 3307 -1
1 "e5" 153603223 515 1 "e5" 164988017 781 -1 "e5" 198690259 467 -1
1 "e5" 153691149 2072 1 "e5" 164895190 6090 -1 "e5" 198573962 1625 -1
1 "e5" 153712650 566 1 "e5" 164882135 2315 -1 "e5" 198554434 2091 -1
1 "e5" 153721981 2034 1 "e5" 164872647 2545 -1 "e5" 198480442 2475 -1
1 "e5" 153724416 2207 1 "e5" 164871103 1273 -1 "e5" 198475867 1174 -1
1 "e5" 153777577 1906 1 "e5" 164816823 29834 -1 "e5" 198400159 45397 -1
-76 "e5" 153832145 43849 1 "e5" 164710909 48532 -1 "e5" 196706262 67435 1
1 "e5" 153832145 3664 1 "e5" 164754972 4469 -1 "e5" 196706262 4423 1
1 "e5" 153837017 1520 1 "e5" 164751944 1792 -1 "e5" 196712825 1290 1
1 "e5" 153840398 7647 1 "e5" 164747092 3208 -1 "e5" 196716772 3100 1
1 "e5" 153865550 10444 1 "e5" 164710909 7408 -1 "e5" 196768113 5584 1
-77 "e5" 154088636 41750 1 "e5" 174152582 51004 1 "e5" 196311649 84410 -1
1 "e5" 154088636 4739 1 "e5" 174152582 4067 1 "e5" 196393017 3042 -1
1 "e5" 154129206 1180 1 "e5" 174202158 1428 1 "e5" 196311649 1369 -1
-78 "e5" 154194520 434160 1 "e5" 174276547 491980 1 "e5" 204921602 462331 1
1 "e5" 154194520 7057 1 "e5" 174276547 6778 1 "e5" 204921602 22990 1
1 "e5" 154298823 4004 1 "e5" 174384729 15090 1 "e5" 205039575 10431 1
1 "e5" 154374925 1481 1 "e5" 174487851 1400 1 "e5" 205123278 1019 1
1 "e5" 154437890 8681 1 "e5" 174553305 22723 1 "e5" 205173319 22044 1
1 "e5" 154565721 6716 1 "e5" 174701189 3506 1 "e5" 205314856 792 1
1 "e5" 154579732 2024 1 "e5" 174713714 1970 1 "e5" 205329336 1796 1
1 "e5" 154612998 3005 1 "e5" 174745205 9110 1 "e5" 205364950 1626 1
1 "e5" 154618353 859 1 "e5" 174754560 4310 1 "e5" 205370000 4021 1
1 "e5" 154624726 569 1 "e5" 174763769 934 1 "e5" 205376897 857 1
1 "e5" 154625723 2957 1 "e5" 174764943 3584 1 "e5" 205379051 4882 1
-79 "e5" 154628893 38789 1 "e5" 184421551 41913 -1 "e5" 226377718 36799 -1
1 "e5" 154628893 14446 1 "e5" 184449826 13638 -1 "e5" 226390722 23795 -1
1 "e5" 154660923 2853 1 "e5" 184426215 3817 -1 "e5" 226382046 4338 -1
1 "e5" 154664038 2652 1 "e5" 184423007 2879 -1 "e5" 226379755 1793 -1
1 "e5" 154666882 800 1 "e5" 184421551 1287 -1 "e5" 226377718 1233 -1
-80 "e5" 154668334 372103 1 "e5" 183948444 472641 -1 "e5" 205804487 389246 1
1 "e5" 154668334 1535 1 "e5" 184419488 1597 -1 "e5" 205804487 1172 1
1 "e5" 154670976 5005 1 "e5" 184413973 5050 -1 "e5" 205807526 5746 1
1 "e5" 154919921 3349 1 "e5" 184121288 3089 -1 "e5" 206067057 3720 1
1 "e5" 154967755 924 1 "e5" 184063749 5353 -1 "e5" 206117439 32583 1
1 "e5" 155008514 1385 1 "e5" 184012747 8901 -1 "e5" 206160838 1409 1
1 "e5" 155029698 10739 1 "e5" 183948444 4659 -1 "e5" 206173137 20596 1
-81 "e5" 155045236 19512 1 "e5" 178999036 19587 1 "e5" 206200985 23478 1
1 "e5" 155045236 7348 1 "e5" 178999036 8352 1 "e5" 206200985 8844 1
1 "e5" 155055129 795 1 "e5" 179009457 1186 1 "e5" 206213060 1181 1
1 "e5" 155056373 8375 1 "e5" 179011220 7403 1 "e5" 206215066 9397 1
-82 "e5" 155158494 189017 1 "e5" 188190418 260632 1 "e5" 227168761 175181 1
1 "e5" 155158494 3343 1 "e5" 188190418 7428 1 "e5" 227168761 3719 1
1 "e5" 155215406 68957 1 "e5" 188285339 80071 1 "e5" 227232254 50417 1
1 "e5" 155342350 5161 1 "e5" 188446957 4093 1 "e5" 227338848 5094 1
-83 "e5" 155357533 41404 1 "e5" 188467230 45719 1 "e5" 229077866 40447 -1
1 "e5" 155357533 3105 1 "e5" 188467230 13962 1 "e5" 229115812 2501 -1
1 "e5" 155372746 2300 1 "e5" 188482356 2242 1 "e5" 229100935 1803 -1
1 "e5" 155388045 3207 1 "e5" 188501044 3673 1 "e5" 229085606 2473 -1
1 "e5" 155392591 878 1 "e5" 188506177 947 1 "e5" 229083061 1019 -1
1 "e5" 155397743 1194 1 "e5" 188511538 1411 1 "e5" 229077866 1246 -1
-84 "e5" 155498619 52065 1 "e5" 187090600 53864 1 "e5" 226596224 51368 1
1 "e5" 155498619 12651 1 "e5" 187090600 18673 1 "e5" 226596224 14674 1
1 "e5" 155515299 3481 1 "e5" 187112464 1887 1 "e5" 226615626 1583 1
1 "e5" 155525797 1668 1 "e5" 187120572 2515 1 "e5" 226624241 1226 1
1 "e5" 155531370 6708 1 "e5" 187125115 7334 1 "e5" 226628582 6419 1
1 "e5" 155541455 1836 1 "e5" 187135059 1779 1 "e5" 226638351 5434 1
1 "e5" 155546913 3771 1 "e5" 187140682 3782 1 "e5" 226644239 3353 1
-85 "e5" 155573218 123176 1 "e5" 170774100 121371 -1 "e5" 221339554 207492 1
1 "e5" 155573218 6211 1 "e5" 170891942 3529 -1 "e5" 221339554 4767 1
1 "e5" 155582049 2444 1 "e5" 170885282 2249 -1 "e5" 221354052 1043 1
1 "e5" 155587003 16990 1 "e5" 170879468 3543 -1 "e5" 221364263 1280 1
1 "e5" 155605107 9815 1 "e5" 170854121 12455 -1 "e5" 221389196 12685 1
1 "e5" 155643265 4936 1 "e5" 170823463 4828 -1 "e5" 221445719 4682 1
1 "e5" 155673887 2033 1 "e5" 170796045 2011 -1 "e5" 221488726 1906 1
1 "e5" 155677878 3194 1 "e5" 170790389 4037 -1 "e5" 221494006 3917 1
1 "e5" 155682861 11780 1 "e5" 170777042 12960 -1 "e5" 221536793 3913 1
1 "e5" 155694852 1542 1 "e5" 170774100 1775 -1 "e5" 221545463 1583 1
-86 "e5" 155743827 12755 1 "e5" 170706672 5357 -1 "e5" 228447717 12653 -1
1 "e5" 155743827 10052 1 "e5" 170710073 1956 -1 "e5" 228450444 9926 -1
1 "e5" 155754357 2225 1 "e5" 170706672 3298 -1 "e5" 228447717 2604 -1
-87 "e5" 155818160 6563 1 "e5" 170633269 18054 -1 "e5" 221845486 24805 1
1 "e5" 155818160 1883 1 "e5" 170646286 5037 -1 "e5" 221845486 823 1
1 "e5" 155822670 2053 1 "e5" 170633269 11615 -1 "e5" 221851359 18932 1
-88 "e5" 156040389 202184 1 "e5" 163212733 224577 -1 "e5" 199618794 212084 1
1 "e5" 156040389 3544 1 "e5" 163412832 24478 -1 "e5" 199618794 16169 1
1 "e5" 156090101 1155 1 "e5" 163383034 11487 -1 "e5" 199676732 1132 1
1 "e5" 156130483 7597 1 "e5" 163344647 8631 -1 "e5" 199709337 2602 1
1 "e5" 156231306 8367 1 "e5" 163215660 6876 -1 "e5" 199818363 6231 1
1 "e5" 156241869 704 1 "e5" 163212733 1595 -1 "e5" 199827303 3575 1
-89 "e5" 156418487 6002 1 "e5" 180813956 7327 1 "e5" 221716310 8808 1
1 "e5" 156418487 1816 1 "e5" 180813956 2043 1 "e5" 221716310 1847 1
1 "e5" 156423011 1478 1 "e5" 180816785 4498 1 "e5" 221720857 4261 1
-90 "e5" 156823427 27903 1 "e5" 172391896 26508 -1 "e5" 215316718 33181 -1
1 "e5" 156823427 836 1 "e5" 172417616 788 -1 "e5" 215349123 776 1
2 "e5" 156835401 6060 1 "e5" 172399922 8401 -1 "e5" 215328282 6381 -1
2 "e5" 156843840 2740 1 "e5" 172396779 2929 -1 "e5" 215321673 3526 -1
2 "e5" 156847330 2041 1 "e5" 172393423 2625 -1 "e5" 215319012 1766 -1
2 "e5" 156849752 1578 1 "e5" 172391896 1520 -1 "e5" 215316718 1374 -1
-91 "e5" 156864742 164143 1 "e5" 175225096 179191 -1 "e5" 226213512 163768 1
1 "e5" 156864742 1688 1 "e5" 175402572 1715 -1 "e5" 226213512 1673 1
1 "e5" 156866803 814 1 "e5" 175401288 1054 -1 "e5" 226215352 1061 1
1 "e5" 156869408 7364 1 "e5" 175391064 7331 -1 "e5" 226219399 28432 1
1 "e5" 156929962 2513 1 "e5" 175327575 2504 -1 "e5" 226285896 1122 1
1 "e5" 156950069 1528 1 "e5" 175305840 1049 -1 "e5" 226309682 1455 1
1 "e5" 156974127 644 1 "e5" 175280068 2164 -1 "e5" 226332068 606 1
1 "e5" 156987720 689 1 "e5" 175263189 1142 -1 "e5" 226344586 599 1
1 "e5" 157013997 1037 1 "e5" 175237391 1010 -1 "e5" 226364799 794 1
1 "e5" 157020300 4908 1 "e5" 175229425 7585 -1 "e5" 226367907 4686 1
1 "e5" 157025592 1342 1 "e5" 175227239 1293 -1 "e5" 226374074 1196 1
1 "e5" 157027259 755 1 "e5" 175225987 953 -1 "e5" 226375612 916 1
1 "e5" 157028208 677 1 "e5" 175225096 890 -1 "e5" 226376707 573 1
-92 "e5" 157029811 139072 1 "e5" 175060990 163633 -1 "e5" 205653625 142040 -1
1 "e5" 157029811 10664 1 "e5" 175215297 9326 -1 "e5" 205787680 7985 -1
1 "e5" 157055760 8382 1 "e5" 175175965 4975 -1 "e5" 205760073 6844 -1
1 "e5" 157086544 3641 1 "e5" 175153244 3380 -1 "e5" 205734199 5269 -1
1 "e5" 157110529 5725 1 "e5" 175123643 4021 -1 "e5" 205706834 2583 -1
1 "e5" 157119475 4399 1 "e5" 175114423 5688 -1 "e5" 205696202 5208 -1
1 "e5" 157126858 18676 1 "e5" 175092818 20171 -1 "e5" 205672214 20175 -1
1 "e5" 157167890 993 1 "e5" 175060990 914 -1 "e5" 205653625 983 -1
-93 "e5" 157265306 14553 1 "e5" 194546919 16109 1 "e5" 209820455 28089 1
1 "e5" 157265306 7134 1 "e5" 194546919 5177 1 "e5" 209820455 5015 1
1 "e5" 157272992 6867 1 "e5" 194555647 7381 1 "e5" 209828067 20477 1
-94 "e5" 157391912 175475 1 "e5" 189706389 196716 1 "e5" 209989479 229315 1
1 "e5" 157391912 1296 1 "e5" 189706389 1559 1 "e5" 209989479 1285 1
1 "e5" 157409607 13265 1 "e5" 189725105 10053 1 "e5" 209993270 30227 1
1 "e5" 157435685 1260 1 "e5" 189761800 1245 1 "e5" 210054000 1123 1
1 "e5" 157447403 9439 1 "e5" 189773475 27620 1 "e5" 210065728 30979 1
1 "e5" 157477307 1571 1 "e5" 189807032 1442 1 "e5" 210104514 2067 1
2 "e5" 157559227 8160 1 "e5" 189902371 734 -1 "e5" 210206567 12227 1
-95 "e5" 157580811 13798 1 "e5" 199295781 19888 -1 "e5" 190279986 12977 1
1 "e5" 157580811 8522 1 "e5" 199313964 1705 -1 "e5" 190279986 4274 1
1 "e5" 157590684 3925 1 "e5" 199295781 7055 -1 "e5" 190288416 4547 1
-96 "e5" 157612229 53032 1 "e5" 198053600 39325 -1 "e5" 201107619 46247 1
1 "e5" 157612229 10142 1 "e5" 198082287 10638 -1 "e5" 201107619 13050 1
1 "e5" 157652912 8968 1 "e5" 198055621 19385 -1 "e5" 201140732 11095 1
1 "e5" 157663928 1333 1 "e5" 198053600 1465 -1 "e5" 201152897 969 1
-97 "e5" 157816362 174684 1 "e5" 197821450 185005 -1 "e5" 192310595 248726 -1
1 "e5" 157816362 1796 1 "e5" 198003592 2863 -1 "e5" 192556542 2779 -1
1 "e5" 157820031 814 1 "e5" 197994779 1178 -1 "e5" 192553960 1217 -1
1 "e5" 157821941 468 1 "e5" 197991533 2342 -1 "e5" 192551007 2622 -1
1 "e5" 157824035 954 1 "e5" 197988312 1638 -1 "e5" 192546472 962 -1
1 "e5" 157825845 4375 1 "e5" 197980810 7480 -1 "e5" 192538846 6794 -1
1 "e5" 157925804 1603 1 "e5" 197904170 928 -1 "e5" 192407999 793 -1
1 "e5" 157952780 11942 1 "e5" 197873685 1331 -1 "e5" 192344178 1073 -1
1 "e5" 157965279 2295 1 "e5" 197852834 1346 -1 "e5" 192341994 1694 -1
1 "e5" 157968635 1447 1 "e5" 197848392 2951 -1 "e5" 192330130 2249 -1
1 "e5" 157977510 1470 1 "e5" 197838643 569 -1 "e5" 192325112 518 -1
1 "e5" 157984167 6879 1 "e5" 197821450 11495 -1 "e5" 192310595 8214 -1
-98 "e5" 158000188 53145 1 "e5" 175406800 83919 1 "e5" 226148829 62295 -1
1 "e5" 158000188 2104 1 "e5" 175406800 3687 1 "e5" 226209196 1928 -1
1 "e5" 158003323 968 1 "e5" 175411253 1049 1 "e5" 226206308 989 -1
1 "e5" 158005939 4749 1 "e5" 175415279 4563 1 "e5" 226202830 1553 -1
1 "e5" 158046092 7241 1 "e5" 175481620 9099 1 "e5" 226148829 8016 -1
-99 "e5" 158060522 31824 1 "e5" 175497196 26487 1 "e5" 212194336 32984 -1
1 "e5" 158060522 1578 1 "e5" 175497196 2387 1 "e5" 212225921 1399 -1
1 "e5" 158077842 4701 1 "e5" 175504106 8747 1 "e5" 212214163 4143 -1
1 "e5" 158084162 5129 1 "e5" 175514106 7463 1 "e5" 212199607 13760 -1
1 "e5" 158090278 2068 1 "e5" 175521592 2091 1 "e5" 212194336 2634 -1
-100 "e5" 158938588 3846 1 "e5" 190445922 4270 -1 "e5" 210802433 3769 -1
1 "e5" 158938588 1274 1 "e5" 190448695 1497 -1 "e5" 210804876 1326 1
2 "e5" 158941013 1421 1 "e5" 190445922 2353 -1 "e5" 210802433 2002 -1
-101 "e5" 158999556 85281 1 "e5" 164342232 143710 1 "e5" 213336976 109138 -1
1 "e5" 158999556 4570 1 "e5" 164342232 16272 1 "e5" 213431069 15045 -1
1 "e5" 159041251 5323 1 "e5" 164429324 10688 1 "e5" 213376044 10658 -1
1 "e5" 159048075 3993 1 "e5" 164441175 4720 1 "e5" 213370614 4744 -1
1 "e5" 159052443 2578 1 "e5" 164446767 2177 1 "e5" 213367499 1847 -1
1 "e5" 159066227 1502 1 "e5" 164457793 1640 1 "e5" 213356089 1492 -1
1 "e5" 159072257 3820 1 "e5" 164463367 4213 1 "e5" 213346942 3942 -1
1 "e5" 159077745 7092 1 "e5" 164481268 4674 1 "e5" 213336976 6408 -1
-102 "e5" 159085248 15934 1 "e5" 173996205 15599 -1 "e5" 220094156 18910 1
1 "e5" 159085248 1702 1 "e5" 174009851 1953 -1 "e5" 220094156 1474 1
1 "e5" 159093677 7505 1 "e5" 173996205 7755 -1 "e5" 220108701 4365 1
-103 "e5" 159433951 374552 1 "e5" 189945672 402837 1 "e5" 210222629 469891 1
1 "e5" 159433951 6294 1 "e5" 189945672 2753 1 "e5" 210222629 2254 1
1 "e5" 159445620 17294 1 "e5" 189953499 23681 1 "e5" 210286977 64351 1
1 "e5" 159490307 884 1 "e5" 190010002 875 1 "e5" 210353505 878 1
1 "e5" 159495291 5733 1 "e5" 190015453 8596 1 "e5" 210364404 26459 1
1 "e5" 159517468 1229 1 "e5" 190035309 1651 1 "e5" 210392018 2010 1
1 "e5" 159519007 7048 1 "e5" 190041641 2562 1 "e5" 210397466 2047 1
1 "e5" 159527580 673 1 "e5" 190048212 867 1 "e5" 210403210 838 1
1 "e5" 159529092 8865 1 "e5" 190049473 5301 1 "e5" 210405860 5065 1
1 "e5" 159563300 1646 1 "e5" 190085196 1655 1 "e5" 210444818 2589 1
1 "e5" 159693377 1937 1 "e5" 190232254 1943 1 "e5" 210574664 2000 1
1 "e5" 159805129 3374 1 "e5" 190346890 1619 1 "e5" 210690539 1981 1
-104 "e5" 159868671 62294 1 "e5" 197733001 68389 -1 "e5" 192245600 59180 -1
1 "e5" 159868671 1496 1 "e5" 197799606 1784 -1 "e5" 192303494 1286 -1
1 "e5" 159870671 1757 1 "e5" 197793181 2141 -1 "e5" 192300958 2221 -1
1 "e5" 159927411 1543 1 "e5" 197735937 5296 -1 "e5" 192247532 1410 -1
1 "e5" 159929413 1552 1 "e5" 197733001 1588 -1 "e5" 192245600 1504 -1
-105 "e5" 159937098 91370 1 "e5" 195295314 72275 1 "e5" 200733797 111865 -1
1 "e5" 159937098 51909 1 "e5" 195295314 33494 1 "e5" 200794119 51543 -1
1 "e5" 159990141 3341 1 "e5" 195329579 3284 1 "e5" 200788225 3344 -1
1 "e5" 159993647 1776 1 "e5" 195337827 1986 1 "e5" 200786570 1059 -1
1 "e5" 159996095 7688 1 "e5" 195340306 12789 1 "e5" 200774750 6067 -1
1 "e5" 160015253 2626 1 "e5" 195354888 3277 1 "e5" 200757617 2744 -1
1 "e5" 160027006 1462 1 "e5" 195366220 1369 1 "e5" 200733797 1195 -1
-106 "e5" 160044485 341325 1 "e5" 195384620 346777 1 "e5" 201725250 388434 1
1 "e5" 160044485 2627 1 "e5" 195384620 2274 1 "e5" 201725250 1926 1
1 "e5" 160056774 1013 1 "e5" 195387217 976 1 "e5" 201728839 1080 1
1 "e5" 160088399 2657 1 "e5" 195434750 2318 1 "e5" 201763094 2189 1
1 "e5" 160172530 22892 1 "e5" 195539528 1866 1 "e5" 201860701 24596 1
1 "e5" 160250502 2396 1 "e5" 195597450 3403 1 "e5" 201954395 4267 1
1 "e5" 160307253 24411 1 "e5" 195671354 2366 1 "e5" 202045577 880 1
1 "e5" 160380911 4899 1 "e5" 195725102 6295 1 "e5" 202109951 3733 1
-107 "e5" 160577651 181800 1 "e5" 198425143 224428 -1 "e5" 189993980 280195 1
1 "e5" 160577651 1771 1 "e5" 198625716 23855 -1 "e5" 189993980 1831 1
1 "e5" 160601726 1526 1 "e5" 198622125 2402 -1 "e5" 190036125 2061 1
1 "e5" 160604464 766 1 "e5" 198620569 923 -1 "e5" 190038897 891 1
1 "e5" 160606970 1410 1 "e5" 198614943 2452 -1 "e5" 190064168 1488 1
2 "e5" 160649829 2644 1 "e5" 198509732 2869 -1 "e5" 190103816 9477 -1
3 "e5" 160654768 7503 1 "e5" 198499921 9390 -1 "e5" 190167615 1162 1
3 "e5" 160666481 11030 1 "e5" 198483761 14451 -1 "e5" 190182623 7174 1
3 "e5" 160750432 9019 1 "e5" 198425143 3740 -1 "e5" 190271509 2666 1
-108 "e5" 160786197 74641 1 "e5" 191821349 27242 -1 "e5" 196983385 47042 -1
1 "e5" 160786197 11698 1 "e5" 191842770 5821 -1 "e5" 197012912 17515 -1
1 "e5" 160800443 3522 1 "e5" 191835968 3915 -1 "e5" 196999046 6097 -1
1 "e5" 160852220 4225 1 "e5" 191826101 9352 -1 "e5" 196988489 9574 -1
1 "e5" 160858524 2314 1 "e5" 191821349 2530 -1 "e5" 196983385 2163 -1
-109 "e5" 161466095 454001 1 "e5" 179021764 531521 -1 "e5" 206225973 507009 -1
1 "e5" 161466095 5951 1 "e5" 179547116 6169 -1 "e5" 206728597 4385 -1
1 "e5" 161516985 3384 1 "e5" 179499757 949 -1 "e5" 206674978 955 -1
1 "e5" 161520422 6958 1 "e5" 179498098 1248 -1 "e5" 206673646 1106 -1
1 "e5" 161527564 4532 1 "e5" 179474587 10897 -1 "e5" 206660959 2731 -1
1 "e5" 161542091 4658 1 "e5" 179462915 4791 -1 "e5" 206648720 3751 -1
1 "e5" 161576442 2933 1 "e5" 179423160 3532 -1 "e5" 206613593 5261 -1
1 "e5" 161580374 1902 1 "e5" 179420938 2176 -1 "e5" 206609688 1804 -1
1 "e5" 161582686 1095 1 "e5" 179419389 1537 -1 "e5" 206606896 1623 -1
1 "e5" 161597200 5792 1 "e5" 179400693 5586 -1 "e5" 206583577 3104 -1
1 "e5" 161604400 1622 1 "e5" 179397597 2168 -1 "e5" 206580847 970 -1
1 "e5" 161606391 976 1 "e5" 179396296 1156 -1 "e5" 206578727 1113 -1
1 "e5" 161613259 3386 1 "e5" 179384776 9979 -1 "e5" 206565895 4406 -1
1 "e5" 161657765 2539 1 "e5" 179318946 1209 -1 "e5" 206520475 4735 -1
1 "e5" 161664631 8639 1 "e5" 179305213 8413 -1 "e5" 206507628 7827 -1
1 "e5" 161674882 13391 1 "e5" 179289489 15390 -1 "e5" 206496573 7635 -1
1 "e5" 161707703 1176 1 "e5" 179270281 5943 -1 "e5" 206466414 5747 -1
1 "e5" 161803805 4411 1 "e5" 179146972 5217 -1 "e5" 206366356 5730 -1
2 "e5" 161815180 1021 1 "e5" 179135548 4833 -1 "e5" 206359663 942 1
3 "e5" 161895495 746 1 "e5" 179053341 7024 -1 "e5" 206251167 503 -1
3 "e5" 161917140 2956 1 "e5" 179021764 3368 -1 "e5" 206225973 6219 -1
-110 "e5" 161937065 70977 1 "e5" 187957487 83384 -1 "e5" 226944195 81471 -1
1 "e5" 161937065 963 1 "e5" 188040015 856 -1 "e5" 227024952 714 -1
1 "e5" 161945790 60163 1 "e5" 187958934 8059 -1 "e5" 226948463 2624 -1
1 "e5" 162006063 1979 1 "e5" 187957487 749 -1 "e5" 226944195 978 -1
-111 "e5" 162012341 99018 1 "e5" 191243144 108715 1 "e5" 200121763 114783 -1
1 "e5" 162012341 94424 1 "e5" 191243144 12092 1 "e5" 200226890 9656 -1
1 "e5" 162107676 3683 1 "e5" 191347704 4155 1 "e5" 200121763 690 -1
-112 "e5" 162248139 48592 1 "e5" 186883126 45708 1 "e5" 220992606 105028 -1
1 "e5" 162248139 11197 1 "e5" 186883126 7578 1 "e5" 221040138 57496 -1
1 "e5" 162285471 398 1 "e5" 186916713 924 1 "e5" 221005748 743 -1
1 "e5" 162288952 2206 1 "e5" 186918080 5126 1 "e5" 221000066 2867 -1
1 "e5" 162295848 883 1 "e5" 186927029 1805 1 "e5" 220992606 1183 -1
-113 "e5" 162422583 109285 1 "e5" 164086363 119429 1 "e5" 213623569 97946 -1
1 "e5" 162422583 50376 1 "e5" 164086363 10436 1 "e5" 213717065 4450 -1
1 "e5" 162474139 16505 1 "e5" 164106870 20740 1 "e5" 213686716 21506 -1
1 "e5" 162490690 2162 1 "e5" 164128837 2827 1 "e5" 213681063 1042 -1
1 "e5" 162503910 7151 1 "e5" 164140199 11394 1 "e5" 213653391 8217 -1
1 "e5" 162531011 857 1 "e5" 164199993 5799 1 "e5" 213623569 761 -1
-114 "e5" 162713182 436817 1 "e5" 191914991 505024 -1 "e5" 208864178 598361 1
1 "e5" 162713182 949 1 "e5" 192418076 1939 -1 "e5" 208864178 461 1
1 "e5" 162733319 6268 1 "e5" 192377302 31791 -1 "e5" 208883205 13584 1
1 "e5" 162745116 1565 1 "e5" 192374444 2041 -1 "e5" 208906993 1494 1
1 "e5" 162767902 4187 1 "e5" 192343408 6234 -1 "e5" 208937753 4701 1
1 "e5" 162773212 2437 1 "e5" 192340374 3029 -1 "e5" 208945329 966 1
1 "e5" 162781299 6796 1 "e5" 192328379 5891 -1 "e5" 208955043 5215 1
1 "e5" 162800535 5914 1 "e5" 192307114 20624 -1 "e5" 208964990 22100 1
1 "e5" 162817171 395 1 "e5" 192279616 798 -1 "e5" 209002506 408 1
1 "e5" 162826702 5995 1 "e5" 192254939 10841 -1 "e5" 209025137 4248 1
1 "e5" 162848042 1815 1 "e5" 192236428 13309 -1 "e5" 209050140 1618 1
1 "e5" 162852908 2140 1 "e5" 192231717 2505 -1 "e5" 209055847 4151 1
1 "e5" 162857115 1647 1 "e5" 192228191 1464 -1 "e5" 209063248 1412 1
1 "e5" 162859003 2915 1 "e5" 192224486 2942 -1 "e5" 209065171 2915 1
1 "e5" 162865350 1951 1 "e5" 192218406 5549 -1 "e5" 209069784 6655 1
1 "e5" 162867998 926 1 "e5" 192217055 470 -1 "e5" 209077253 974 1
1 "e5" 162919219 3966 1 "e5" 192167727 1802 -1 "e5" 209138888 1919 1
1 "e5" 162923601 4834 1 "e5" 192165070 2113 -1 "e5" 209141363 2068 1
1 "e5" 162934773 7689 1 "e5" 192142724 9727 -1 "e5" 209152812 10760 1
1 "e5" 162945240 1608 1 "e5" 192136735 4636 -1 "e5" 209166463 954 1
1 "e5" 162966687 4783 1 "e5" 192117132 11249 -1 "e5" 209188166 6117 1
1 "e5" 162973359 7688 1 "e5" 192103500 13536 -1 "e5" 209198492 9428 1
1 "e5" 162981403 2081 1 "e5" 192100961 2069 -1 "e5" 209211098 2296 1
1 "e5" 162985930 5075 1 "e5" 192087747 11571 -1 "e5" 209215015 7731 1
1 "e5" 162995900 2827 1 "e5" 192083618 3299 -1 "e5" 209249555 3883 1
1 "e5" 163000829 7297 1 "e5" 192069509 13002 -1 "e5" 209257871 14007 1
1 "e5" 163036334 2094 1 "e5" 192027327 6896 -1 "e5" 209309551 7177 1
1 "e5" 163038880 656 1 "e5" 192026206 650 -1 "e5" 209317611 653 1
1 "e5" 163041777 752 1 "e5" 192020916 1332 -1 "e5" 209321124 1224 1
1 "e5" 163043923 2933 1 "e5" 192013151 6735 -1 "e5" 209324336 4857 1
1 "e5" 163052425 3688 1 "e5" 191989424 20502 -1 "e5" 209334812 4053 1
1 "e5" 163097668 1739 1 "e5" 191966225 1612 -1 "e5" 209382980 29062 1
1 "e5" 163124022 6888 1 "e5" 191929266 16576 -1 "e5" 209426053 9894 1
1 "e5" 163148462 1537 1 "e5" 191914991 2285 -1 "e5" 209460955 1584 1
-115 "e5" 163552069 19399 1 "e5" 196952904 16738 1 "e5" 189664182 97163 1
1 "e5" 163552069 12222 1 "e5" 196952904 11723 1 "e5" 189664182 11920 1
1 "e5" 163565648 5820 1 "e5" 196964830 4812 1 "e5" 189708346 52999 1
-116 "e5" 163754738 164076 1 "e5" 197122826 142093 1 "e5" 189017903 242468 -1
1 "e5" 163754738 1846 1 "e5" 197122826 1341 1 "e5" 189258864 1507 -1
1 "e5" 163764560 2055 1 "e5" 197129822 5905 1 "e5" 189244626 5342 -1
1 "e5" 163768062 4548 1 "e5" 197143467 4349 1 "e5" 189218979 914 -1
1 "e5" 163778435 4802 1 "e5" 197152347 5497 1 "e5" 189212633 5120 -1
1 "e5" 163784385 46290 1 "e5" 197160293 4751 1 "e5" 189136664 65666 -1
1 "e5" 163915736 3078 1 "e5" 197256291 8628 1 "e5" 189017903 18953 -1
-117 "e5" 164114302 101139 1 "e5" 197469057 118083 1 "e5" 190986783 110884 1
1 "e5" 164114302 3128 1 "e5" 197469057 3841 1 "e5" 190986783 23277 1
1 "e5" 164161633 2569 1 "e5" 197516155 3350 1 "e5" 191042423 3207 1
1 "e5" 164186796 680 1 "e5" 197542480 791 1 "e5" 191071298 1729 1
1 "e5" 164189550 3251 1 "e5" 197543300 5530 1 "e5" 191073335 4165 1
1 "e5" 164194450 3956 1 "e5" 197550871 4198 1 "e5" 191080503 3764 1
1 "e5" 164210551 4890 1 "e5" 197583233 3907 1 "e5" 191096314 1353 1
-118 "e5" 164393433 13323 1 "e5" 197714150 16228 1 "e5" 191387153 7953 -1
1 "e5" 164393433 1845 1 "e5" 197714150 3723 1 "e5" 191393217 1889 -1
1 "e5" 164402848 3908 1 "e5" 197726539 3839 1 "e5" 191387153 3689 -1
-119 "e5" 164407002 53287 1 "e5" 195177596 92248 -1 "e5" 191296828 89499 -1
1 "e5" 164407002 1930 1 "e5" 195267578 2266 -1 "e5" 191384407 1920 -1
1 "e5" 164409296 5349 1 "e5" 195261366 5476 -1 "e5" 191378422 4715 -1
1 "e5" 164422626 12829 1 "e5" 195249357 11394 -1 "e5" 191364449 12541 -1
1 "e5" 164444207 16082 1 "e5" 195177596 23654 -1 "e5" 191296828 28356 -1
-120 "e5" 164708105 10570 1 "e5" 194870736 25030 -1 "e5" 191527935 17349 1
1 "e5" 164708105 7449 1 "e5" 194877628 18138 -1 "e5" 191527935 14436 1
1 "e5" 164716039 2636 1 "e5" 194870736 2850 -1 "e5" 191542611 2673 1
-121 "e5" 164803144 748288 1 "e5" 196180526 644270 -1 "e5" 191635275 609324 1
1 "e5" 164803144 11282 1 "e5" 196813434 11362 -1 "e5" 191635275 21329 1
1 "e5" 164847746 16964 1 "e5" 196756201 20534 -1 "e5" 191687853 16576 1
1 "e5" 164871448 17644 1 "e5" 196726097 19258 -1 "e5" 191711694 28326 1
1 "e5" 165214651 2799 1 "e5" 196502520 513 -1 "e5" 191920753 337 1
1 "e5" 165251825 4877 1 "e5" 196461698 12719 -1 "e5" 191949859 4275 1
1 "e5" 165320369 4875 1 "e5" 196395727 2619 -1 "e5" 192007706 2068 1
1 "e5" 165435935 2063 1 "e5" 196290802 2030 -1 "e5" 192072628 28469 1
1 "e5" 165450831 772 1 "e5" 196280845 1083 -1 "e5" 192116858 910 1
1 "e5" 165452097 3161 1 "e5" 196277034 3205 -1 "e5" 192120940 3162 1
1 "e5" 165456576 9024 1 "e5" 196268357 6720 -1 "e5" 192125808 46253 1
1 "e5" 165545289 6143 1 "e5" 196180526 7698 -1 "e5" 192239147 5452 1
-122 "e5" 165561041 1504168 1 "e5" 198109372 190429 -1 "e5" 200861056 223722 1
1 "e5" 165561041 9194 1 "e5" 198285780 14021 -1 "e5" 200861056 10087 1
1 "e5" 165641257 2160 1 "e5" 198225047 2328 -1 "e5" 200948495 2379 1
1 "e5" 165666073 6846 1 "e5" 198191576 11487 -1 "e5" 200975762 11619 1
1 "e5" 166934152 3763 1 "e5" 198158690 9459 -1 "e5" 201021664 12740 1
1 "e5" 166950625 2050 1 "e5" 198139508 11485 -1 "e5" 201041680 12489 1
1 "e5" 167050575 8160 1 "e5" 198112670 22582 -1 "e5" 201058902 21183 1
1 "e5" 167062515 2694 1 "e5" 198109372 2708 -1 "e5" 201082495 2283 1
-123 "e5" 167066165 460116 1 "e5" 198751987 502239 -1 "e5" 190293223 461001 1
1 "e5" 167066165 1916 1 "e5" 199251850 2376 -1 "e5" 190293223 1966 1
1 "e5" 167084378 3730 1 "e5" 199213615 3757 -1 "e5" 190325075 3574 1
1 "e5" 167231052 804 1 "e5" 199021229 784 -1 "e5" 190434785 793 1
1 "e5" 167321373 9507 1 "e5" 198945994 2411 -1 "e5" 190512690 2331 1
1 "e5" 167373538 3615 1 "e5" 198902283 5930 -1 "e5" 190543923 5718 1
1 "e5" 167408549 10807 1 "e5" 198858566 18078 -1 "e5" 190577712 18758 1
1 "e5" 167448177 9855 1 "e5" 198824632 14995 -1 "e5" 190626773 5807 1
1 "e5" 167479818 3414 1 "e5" 198794178 1732 -1 "e5" 190662750 2099 1
1 "e5" 167494769 2541 1 "e5" 198781651 3700 -1 "e5" 190693269 4721 1
1 "e5" 167499147 4485 1 "e5" 198774442 3326 -1 "e5" 190718514 3475 1
1 "e5" 167505050 3301 1 "e5" 198771805 639 -1 "e5" 190725700 3278 1
1 "e5" 167513983 12298 1 "e5" 198751987 1700 -1 "e5" 190749775 4449 1
-124 "e5" 167527257 54121 1 "e5" 199352375 78083 1 "e5" 190763418 60723 1
1 "e5" 167527257 4144 1 "e5" 199352375 3051 -1 "e5" 190763418 2544 1
2 "e5" 167545770 4672 1 "e5" 199425733 4725 -1 "e5" 190792728 2375 1
2 "e5" 167560015 3221 1 "e5" 199396229 3162 -1 "e5" 190811033 2340 1
2 "e5" 167580668 710 1 "e5" 199380796 710 -1 "e5" 190823224 917 1
