# Options:
# Macrorearrangements
>genome1
# Chromosome "e5"
1 2 3 4 5 6 7 8 9 10 11 12 13 14 15 16 17 18 19 20 21 22 23 24 25 26 27 28 29 30 31 32 33 34 35 36 37 38 39 40 41 42 43 44 45 46 47 48 49 50 51 52 53 54 55 56 57 58 59 60 61 62 63 64 65 66 67 68 69 70 71 72 73 74 75 76 77 78 79 80 81 82 83 84 85 86 87 88 89 90 91 92 93 94 95 96 97 98 99 100 101 102 103 104 105 106 107 108 109 110 111 112 113 114 115 116 117 118 119 120 121 122 123 124 $
>genome2
# Chromosome "e5"
68 50 -65 -88 -57 67 -61 113 101 -13 -76 -75 34 -7 -6 47 48 26 27 -4 -3 -2 53 44 -87 -86 -85 -52 -74 36 1 -5 28 -37 38 -90 33 31 -102 51 77 78 -59 -92 -91 98 99 72 22 42 43 35 -73 -21 -20 -69 81 -109 -29 63 64 89 -32 -45 66 -56 -55 -24 -23 -41 17 18 -46 49 -80 -79 60 -30 -25 -54 8 112 84 19 70 71 -110 82 83 62 94 103 -100 111 9 10 11 12 -108 -114 39 40 -16 -15 -14 -58 93 -120 -119 105 106 -121 115 116 117 118 -104 -97 -96 -122 -107 -123 -95 124 $
>genome3
# Chromosome "e5"
-116 115 107 95 123 124 117 -119 -118 120 121 -104 -97 15 22 42 54 17 -77 -10 76 -108 -45 66 -14 -39 -75 -67 57 88 -9 -111 71 -105 122 96 40 -16 106 -56 -20 -69 -49 46 -18 78 -59 -92 80 81 -109 68 50 -65 114 -58 93 94 103 -100 -72 -99 -26 -48 12 13 -101 -113 -30 -29 38 -90 7 -34 -33 -6 47 -11 -51 102 -31 -112 74 52 85 64 89 87 -44 -53 2 21 73 -35 -43 8 36 37 27 28 -98 91 -79 60 61 84 19 70 -110 82 -23 -41 25 32 -86 -63 -62 -83 24 55 3 1 -5 4 $
