# genome1: genome1
# genome2: genome2
# genome3: genome3
# block_id genome1_chr genome1_start genome1_len genome1_sign genome2_chr genome2_start genome2_len genome2_sign genome3_chr genome3_start genome3_len genome3_sign
1 e1 5678 159249 1 e1 12746024 246912 -1 e1 12174016 277665 -1
2 e1 165520 78262 1 e1 1067115 103054 -1 e1 11387693 132999 1
3 e1 283340 25512 1 e1 15804855 31407 -1 e1 18918716 36961 1
4 e1 310834 20058 1 e1 15764465 39733 -1 e1 5679568 32286 1
5 e1 334070 17926 1 e1 15694236 36755 1 e1 5748669 31993 -1
6 e1 361383 13493 1 e1 13749558 25612 -1 e1 15618828 88384 -1
7 e1 455929 32598 1 e1 1514581 33833 -1 e1 8271710 88173 -1
8 e1 569050 40141 1 e1 15015231 37058 -1 e1 9874701 51521 -1
9 e1 582193 41181 1 e1 14982245 27680 1 e1 212901 38909 1
10 e1 628287 17471 1 e1 9857887 13066 1 e1 4895939 14446 -1
11 e1 650448 48393 1 e1 14375885 12271 1 e1 4919509 11107 1
12 e1 700776 17288 1 e1 15195507 16150 -1 e1 12682362 24581 -1
13 e1 818313 69539 1 e1 5733387 135629 -1 e1 19263984 98980 -1
14 e1 1000698 128614 1 e1 10689238 190414 1 e1 3120259 138075 -1
15 e1 1152233 19006 1 e1 12688485 54437 1 e1 3266605 69300 -1
16 e1 1168463 2776 1 e1 12700857 42065 1 e4 185185321 1896 1
17 e1 1211852 44445 1 e1 755232 38881 1 e1 5324597 46786 1
18 e1 1280472 77567 1 e1 11854838 260795 -1 e1 14560430 269717 -1
19 e1 1436220 23096 1 e1 13233782 29762 1 e1 16612688 24293 -1
20 e1 1525518 12761 1 e1 13369748 19412 1 e1 13042228 24766 1
21 e1 1586143 104383 1 e1 8380395 59624 -1 e1 10012211 81069 1
22 e1 1716663 27771 1 e1 14752727 42653 -1 e1 11655373 31192 -1
23 e1 1910165 17634 1 e1 14295162 14281 -1 e1 7252391 27649 1
24 e1 1935535 29834 1 e1 14459735 42930 -1 e1 7310219 59113 1
25 e1 1995580 23109 1 e1 14390860 46186 1 e1 4937232 44468 1
26 e1 2023073 13753 1 e1 8484865 27580 1 e1 9935268 28000 -1
27 e1 2044082 82948 1 e1 2647931 89716 1 e1 2149577 168701 1
28 e1 2311968 2780 1 e1 5148830 3701 1 e1 8432913 6548 -1
29 e1 2524132 1760 1 e1 9591788 3024 1 e1 7402912 2338 -1
30 e1 2533407 20032 1 e1 14165572 25307 -1 e1 9601195 33658 1
31 e1 2565810 192270 1 e1 12423935 256918 -1 e1 10177933 322963 1
32 e1 2812230 34842 1 e1 2519323 38227 1 e1 17077038 47713 -1
33 e1 2866572 45565 1 e1 9144773 17652 1 e1 8971020 115221 -1
34 e1 2946822 3376 1 e1 8756639 4292 1 e1 13456931 33809 1
35 e1 3149371 10528 1 e2 114676141 13077 1 e2 51346117 61693 1
36 e1 3214722 71458 1 e1 3650967 93688 1 e1 1752973 129245 1
37 e1 3310366 16869 1 e1 3811396 37174 1 e1 8635241 46976 1
38 e1 3345130 8593 1 e1 2190368 9695 1 e1 7190193 11194 -1
39 e1 3352885 14696 1 e1 13677357 11705 1 e1 15559097 18594 1
40 e1 3427201 19120 1 e1 9755386 20555 -1 e1 7954944 48831 1
41 e1 3466582 20123 1 e1 13780070 36640 -1 e1 15720737 44431 -1
42 e1 3493695 64312 1 e1 12980307 95525 -1 e1 12468880 77554 -1
43 e1 3665467 507 1 e1 8797899 1885 1 e4 183434466 19457 1
44 e1 3681608 76695 1 e1 10385947 94158 -1 e1 16431518 103529 -1
45 e1 3912611 16738 1 e1 13854 18746 1 e1 15343949 27435 1
46 e1 3931798 9022 1 e1 1223612 4183 -1 e1 18315337 9020 1
47 e1 3953643 3493 1 e1 9921806 5115 1 e1 6807763 5559 1
48 e1 3999969 11128 1 e1 2906080 12675 1 e1 2466316 11277 1
49 e1 4082747 194623 1 e1 11200828 293724 1 e1 1005551 264882 1
50 e1 4278741 19090 1 e1 11628975 28108 -1 e1 4567668 28249 1
51 e1 4417685 27512 1 e1 11660159 40893 1 e1 1521813 36218 1
52 e1 4499242 71573 1 e1 5131202 14368 -1 e1 7694969 22669 1
53 e1 4572213 5848 1 e1 10618121 5943 1 e1 17155341 14186 -1
54 e1 4579067 4697 1 e1 7373523 7110 -1 e1 11229218 7312 -1
55 e1 4593267 22667 1 e1 7875943 29480 1 e1 3463792 29691 1
56 e1 4786643 62097 1 e1 9794538 56670 -1 e1 7854021 84914 1
57 e1 4915370 3916 1 e1 14795825 2875 1 e1 11692557 11713 -1
58 e1 4929513 113755 1 e1 4927708 106304 -1 e1 16803740 138834 1
59 e1 5044830 103476 1 e1 15317638 212828 1 e1 5495763 180764 -1
60 e1 5248986 15848 1 e1 2267991 38114 -1 e1 7063083 33316 1
61 e1 5322948 1399 1 e4 45699545 4742 1 e1 11077270 6924 1
62 e1 5429805 65289 1 e1 4597650 67018 -1 e1 10699414 124289 -1
63 e1 5495717 7582 1 e1 4584181 11985 -1 e1 4507891 15043 -1
64 e1 5503368 9638 1 e1 4077248 12253 -1 e1 9799626 20804 -1
65 e1 5602695 240694 1 e1 4161668 421280 -1 e1 4169109 336642 -1
66 e1 5843921 3339 1 e1 4157559 3905 -1 e1 11593690 5598 -1
67 e1 5880466 15559 1 e1 4100937 18615 1 e1 9846923 22843 1
68 e1 5929418 18220 1 e1 437425 54649 -1 e1 4002087 92132 -1
69 e1 5988112 16256 1 e1 9659594 14705 -1 e1 20100627 62051 -1
70 e1 6007003 17957 1 e1 6630906 29521 -1 e1 14272803 45986 -1
71 e1 6048755 17230 1 e1 4904417 21598 1 e1 7638218 33040 -1
72 e1 6066196 101027 1 e1 2028585 138422 1 e1 13503601 196071 -1
73 e1 6228006 15940 1 e1 7776306 20764 1 e1 9460831 27184 1
74 e1 6245668 19367 1 e1 7798639 8981 1 e1 11263541 14971 -1
75 e1 6265598 53794 1 e1 7808102 63931 1 e1 146181 60960 1
76 e1 6320483 30234 1 e1 14134352 18453 1 e1 9649892 20589 -1
77 e1 6359401 12074 1 e1 9894455 23856 -1 e1 6777035 25649 -1
78 e1 6372716 4453 1 e1 4090872 7117 -1 e1 9838280 5590 -1
79 e1 6381899 15758 1 e1 15671129 19886 1 e1 15378924 44629 -1
80 e1 6426805 27396 1 e1 15219736 40949 -1 e1 4997982 45733 -1
81 e1 6533155 19569 1 e1 16029406 49704 -1 e1 5045651 73381 1
82 e1 6585388 180198 1 e1 7950439 262004 1 e1 5961988 315182 1
83 e1 7258595 69682 1 e1 1753777 72302 1 e1 12762561 124387 -1
84 e1 7336365 26879 1 e1 6430846 52269 1 e1 18531766 39021 1
85 e1 7366598 13613 1 e3 80316009 13884 1 e3 102487000 16995 1
86 e1 7380243 68225 1 e1 8953318 49216 -1 e1 6486709 61475 -1
87 e1 7422012 52625 1 e1 8823941 35814 1 e1 6328078 39972 1
88 e1 7479092 16100 1 e1 574867 25753 1 e1 16089585 48723 -1
89 e1 7495844 45744 1 e1 1474565 37487 -1 e1 19963919 53331 -1
90 e1 7543683 8246 1 e1 11704343 20271 -1 e1 14419729 24448 -1
91 e1 7637807 61626 1 e1 11135059 63126 -1 e1 932591 68331 -1
92 e1 7778482 21680 1 e1 7538237 32919 1 e1 1574720 46001 -1
93 e1 7808273 13560 1 e1 11103194 26772 1 e1 913208 9730 1
94 e1 7828373 8019 1 e1 13641784 11884 -1 e1 6943073 10907 1
95 e1 7836929 11502 1 e1 2585021 13381 -1 e1 17009231 32849 1
96 e1 7872859 4777 1 e1 14653014 8643 -1 e1 13749445 15520 -1
97 e1 7890253 3827 1 e1 14685419 17393 1 e1 16748348 16203 1
98 e1 8020593 29011 1 e1 13470529 56903 -1 e1 13162864 66174 -1
99 e1 8058588 18674 1 e1 15973216 36055 -1 e1 5401645 43191 -1
100 e1 8183144 60678 1 e1 6504156 89544 1 e1 18582514 77095 1
101 e1 8341967 43426 1 e1 13076440 60357 -1 e1 12548888 61495 -1
102 e1 8416818 14818 1 e1 7752253 19114 -1 e1 13786756 26533 -1
103 e1 8431799 26023 1 e1 7724618 27565 -1 e1 2992904 28880 -1
104 e1 8460969 31267 1 e1 10943572 34825 -1 e1 2943798 26938 -1
105 e1 8545709 3380 1 e1 14666719 3268 1 e1 13771893 13550 1
106 e1 8606180 41512 1 e1 13822166 54996 1 e1 15786439 62030 1
107 e1 8764847 6847 1 e1 3642448 7491 -1 e1 1734441 12459 -1
108 e1 8798749 18940 1 e1 3491976 20774 1 e1 10638144 15008 -1
109 e1 8840525 10981 1 e1 1906229 28562 1 e1 10537708 66417 -1
110 e1 8936858 2595 1 e1 6698309 235593 1 e1 14355393 10621 1
111 e1 8936858 2595 1 e1 7296759 25091 1 e1 14355393 10621 1
112 e1 8939570 15154 1 e1 6679949 14621 -1 e1 14325021 29700 -1
113 e1 8955936 6646 1 e1 9598109 20463 -1 e1 1946472 23126 1
114 e1 8998350 20827 1 e1 2315454 35048 -1 e1 8827758 61670 -1
115 e1 9072570 22107 1 e1 6602974 25466 1 e1 18343379 38321 -1
116 e1 9253907 17730 1 e1 9223013 31107 -1 e1 13956641 21796 -1
117 e1 9274366 22539 1 e1 15543635 46879 1 e1 1428544 32415 1
118 e1 9326630 42695 1 e1 3176564 77570 -1 e1 2101775 37779 -1
119 e1 9370261 4868 1 e1 601086 5873 -1 e1 4598047 6625 1
120 e1 9381119 45836 1 e1 1396332 62563 -1 e1 8123859 67024 1
121 e1 9462008 9018 1 e1 889821 9294 1 e1 11832305 8780 1
122 e1 9471616 68439 1 e1 899466 79219 1 e1 8442607 95948 1
123 e1 9554264 18898 1 e1 9710929 23152 -1 e1 8017667 36659 1
124 e1 9586016 6937 1 e1 2359520 8440 1 e1 13838993 13860 -1
125 e1 9744070 11619 1 e1 1615140 18114 1 e1 11240599 17627 1
126 e1 9978493 62154 1 e1 707816 40181 1 e1 15252295 68609 1
127 e1 10066616 4725 1 e1 8747306 6771 -1 e1 13432331 8258 -1
128 e1 10160500 35780 1 e1 1170596 38894 -1 e1 11307447 72085 1
129 e1 10199949 29752 1 e1 6110499 139338 1 e1 19597158 149234 1
130 e1 10348870 11311 1 e1 7203989 13434 1 e1 18120046 119576 1
131 e1 10399048 17097 1 e1 7343084 23926 1 e1 18244403 23601 1
132 e1 10419350 12179 1 e1 1230619 10660 -1 e1 18285704 15917 1
133 e1 10433219 28895 1 e1 12117969 21303 -1 e1 14833663 38223 -1
134 e1 10580587 8763 1 e1 14321897 8663 -1 e1 7385776 14997 -1
135 e1 10597819 13964 1 e1 2012649 16213 -1 e1 13700537 28886 1
136 e1 10655172 5082 1 e1 4880409 4824 -1 e1 11202826 6625 -1
137 e1 10702889 67169 1 e1 8265064 108880 -1 e1 503319 112537 1
138 e1 10782763 26959 1 e1 2239099 10779 -1 e1 7118528 33938 1
139 e1 10854899 32224 1 e1 13422479 46974 1 e1 13096618 64127 1
140 e1 10889360 392 1 e2 110875354 1254 1 e1 9111112 4625 1
141 e1 10936768 5673 1 e1 1015150 8610 -1 e1 1929371 9056 -1
142 e1 11160345 76821 1 e1 11032388 69297 -1 e1 842664 61405 -1
143 e1 11911685 15925 1 e1 10925849 15189 1 e1 2904991 22610 1
144 e1 11942422 47325 1 e1 15755379 8588 1 e1 5714869 6069 -1
145 e2 12322073 27367 1 e2 103216558 38786 -1 e2 24412893 50813 -1
146 e2 12364897 4069 1 e4 17359215 6766 1 e4 170638407 7510 1
147 e2 12369270 760201 1 e2 124682823 1218358 1 e2 58241982 1208000 1
148 e2 13130529 48160 1 e2 125902093 63519 1 e2 53488101 56067 1
149 e2 13179211 58667 1 e2 125966290 72951 1 e2 50956626 72168 -1
150 e2 13328107 12210 1 e2 126159175 12404 1 e2 81094781 14943 -1
151 e2 13340720 8541 1 e2 126171866 14359 1 e2 67733505 14729 -1
152 e2 13356176 261328 1 e2 126191735 357001 1 e2 75614363 478828 1
153 e2 13617874 21995 1 e2 106148822 23580 -1 e2 46436716 23319 1
154 e2 13653176 19571 1 e2 105111798 28729 -1 e2 26473478 23744 -1
155 e2 13686098 972140 1 e2 104110856 996670 -1 e2 24961595 1042501 1
156 e2 14664459 356061 1 e2 103749913 357229 -1 e2 26016825 433262 1
157 e2 15024356 277171 1 e2 103421049 317081 -1 e2 24614744 343660 -1
158 e2 15478906 96543 1 e2 134919639 124551 1 e2 39528126 124965 1
159 e2 15576794 112232 1 e2 135049422 135073 1 e2 64830011 146729 -1
160 e2 15689608 37693 1 e2 135187558 45805 1 e2 28458063 50803 -1
161 e2 15728375 191042 1 e2 135234886 214625 1 e2 29732326 217487 1
162 e2 15993323 98169 1 e2 111647330 117185 -1 e2 30001209 129751 1
163 e2 16092058 80778 1 e2 106064507 82705 1 e2 46461166 112310 -1
164 e2 16174923 694175 1 e2 105152379 714456 1 e2 26516321 720686 1
165 e2 16870589 205734 1 e2 105867140 196646 1 e2 46574289 268340 -1
166 e2 17076637 311705 1 e2 111310742 336396 -1 e2 30133059 355266 1
167 e2 17389991 13688 1 e2 133887434 15087 -1 e2 30490445 16590 1
168 e2 17407350 3171 1 e2 133877050 5233 -1 e2 30513105 3087 1
169 e2 17411703 8737 1 e2 133868025 7649 -1 e2 51173309 7483 -1
170 e2 17434879 509397 1 e2 122281745 676882 -1 e2 54905404 652122 -1
171 e2 17944671 111601 1 e2 122147448 133982 -1 e2 40369908 124705 -1
172 e2 18057769 164049 1 e2 127952401 232206 1 e2 61315368 206421 1
173 e2 18282479 7930 1 e2 150571967 8807 1 e2 57794502 10971 -1
174 e2 18486906 256235 1 e2 150796342 271836 1 e2 44607992 293121 1
175 e2 18754052 29853 1 e2 113394547 27711 -1 e2 44908943 30848 1
176 e2 18806352 21848 1 e2 113332360 30475 -1 e2 78784083 38887 -1
177 e2 18830318 4463 1 e2 113278229 51448 1 e2 52614599 1903 1
178 e2 18837447 22236 1 e2 138426926 22200 1 e2 52584334 23683 1
179 e2 18861593 5883 1 e2 138449412 7904 1 e5 205798238 4214 1
180 e2 18883397 175098 1 e2 143266092 208863 1 e2 65450882 236878 1
181 e2 19069021 196689 1 e2 143475727 205066 1 e2 78256415 292290 -1
182 e2 19297674 53780 1 e2 112852994 45338 1 e2 52936648 42450 -1
183 e2 19354365 3007 1 e2 113183000 549 1 e2 52693228 543 1
184 e2 19354365 3007 1 e2 113183000 549 1 e3 132286477 484 1
185 e2 19362999 229028 1 e2 112900063 281440 1 e2 52695737 219661 -1
186 e2 19595198 20202 1 e2 113190539 20143 1 e2 52667677 18985 -1
187 e2 19661045 27080 1 e2 119969846 28619 -1 e2 70069648 38493 1
188 e2 19703056 347131 1 e2 115497200 378656 -1 e2 50405528 428719 1
189 e2 20051668 67817 1 e2 115424480 72316 -1 e2 81109942 77319 1
190 e2 20120581 71996 1 e2 115338836 84888 -1 e2 57700004 80664 -1
191 e2 20260277 20643 1 e2 113577284 23662 1 e2 57574340 28185 -1
192 e2 20282823 44817 1 e2 113602118 70869 1 e2 61554729 129706 1
193 e2 20331199 211301 1 e2 113676054 224317 1 e2 52133236 230917 -1
194 e2 20666948 208886 1 e2 123986302 326541 -1 e2 38463684 227149 1
195 e2 20878310 115745 1 e2 123814312 161619 -1 e2 59455771 132722 1
196 e2 20994358 65640 1 e2 123714167 70206 -1 e2 32838665 60286 1
197 e2 21235616 207925 1 e2 147133434 218169 -1 e2 41046342 256216 -1
198 e2 21450602 5174 1 e2 147120337 5495 -1 e2 40793506 5810 1
199 e2 21456273 1013347 1 e2 107370820 1039349 1 e2 36081582 1149710 1
200 e2 22473878 26781 1 e2 108411686 31152 1 e2 29643721 31616 1
201 e2 22522299 101145 1 e2 108469040 120458 1 e2 27677032 102139 1
202 e2 22633066 101849 1 e2 108594578 131273 1 e2 29527664 113918 1
203 e2 22735989 132856 1 e2 108727319 139123 1 e2 37232079 149311 1
204 e2 22869250 10816 1 e2 148634160 13791 -1 e2 42586407 13349 -1
205 e2 22961056 178445 1 e2 128831173 257512 1 e2 71937545 264832 1
206 e2 23146961 60596 1 e2 120980476 124263 1 e2 72217112 84197 1
207 e2 23225111 127902 1 e2 121128632 150455 1 e2 65089097 196986 -1
208 e2 23353072 1427 1 e2 121279112 881 1 e2 65083815 3655 1
209 e2 23353072 1427 1 e2 121518721 3785 1 e2 65083815 3655 1
210 e2 23357607 72440 1 e2 121281567 84161 1 e2 64983275 97872 -1
211 e2 23431299 55373 1 e2 121367513 91653 1 e2 39662976 64931 1
212 e2 23546685 500709 1 e2 121547043 599710 1 e2 39818390 551461 1
213 e2 24061443 526775 1 e2 127358808 576760 -1 e2 60721191 577980 -1
214 e2 24588548 359476 1 e2 126973936 384284 -1 e2 68187569 467027 1
215 e2 25098740 63829 1 e2 126738516 75058 -1 e2 78113352 75283 -1
216 e2 25166547 9712 1 e2 126706487 27858 -1 e2 76246901 10364 -1
217 e2 25286491 120009 1 e2 106172763 108906 1 e2 46310576 125926 -1
218 e2 25424780 201666 1 e2 109585901 270358 -1 e2 63593971 214909 1
219 e2 25635517 21876 1 e2 135796037 32281 -1 e2 79909922 29446 -1
220 e2 25658529 161224 1 e2 135594543 199229 -1 e2 67519284 196055 -1
221 e2 25824131 23524 1 e2 114940457 24300 1 e2 67488341 28868 -1
222 e2 25851784 683 1 e2 114972123 1636 1 e2 30508443 3756 1
223 e2 25851784 683 1 e2 114972123 1636 1 e2 67472205 14654 1
224 e2 25861905 40216 1 e2 114982019 47877 1 e2 67401893 58542 -1
225 e2 25971813 165161 1 e2 156551490 213221 -1 e2 30694912 175628 1
226 e2 26142049 11891 1 e2 112840175 5479 1 e2 30874119 6400 1
227 e2 26154645 55957 1 e2 132777389 64481 -1 e2 30887858 64145 1
228 e2 26450575 193519 1 e2 123279019 217381 -1 e2 33064926 186305 1
229 e2 26644528 221335 1 e2 122978075 300772 -1 e2 55573556 254111 -1
230 e2 26866278 79367 1 e2 152843998 84444 1 e2 51061085 111445 -1
231 e2 26969978 559124 1 e2 152970902 680322 1 e2 53545321 590215 1
232 e2 27589048 23370 1 e2 153719018 25929 1 e2 64726714 26416 1
233 e2 27614730 13022 1 e2 111945178 13166 1 e2 28584853 13353 -1
234 e2 27628061 62906 1 e2 137635505 71616 -1 e2 28511821 72687 -1
235 e2 27695718 27045 1 e2 137595681 36828 -1 e2 57812983 28551 1
236 e2 27726541 232823 1 e2 140203372 250479 1 e2 74148519 281080 -1
237 e2 27959597 108038 1 e2 139151318 130274 -1 e2 79079400 136145 -1
238 e2 28116511 100017 1 e2 138240491 125563 -1 e2 52398285 113526 -1
239 e2 28329331 70004 1 e2 150446792 95371 1 e2 79757596 94699 -1
240 e2 28411937 55432 1 e2 128241075 60572 1 e2 57496512 74177 -1
241 e2 28554428 280691 1 e2 128393072 347211 1 e2 71513876 359693 1
242 e2 29029279 21738 1 e2 138786937 23805 1 e2 54378303 30076 1
243 e2 29051653 45853 1 e2 155262444 50280 1 e2 45297148 48977 1
244 e2 29110356 406112 1 e2 155328333 484957 1 e2 62993791 513063 -1
245 e2 29516684 167947 1 e2 140012935 186546 -1 e2 74436082 189565 1
246 e2 29696146 62950 1 e2 109934494 102091 -1 e2 45346644 66360 -1
247 e2 29764254 14051 1 e2 109908307 26157 -1 e2 63525641 12765 1
248 e2 29839610 30916 1 e2 106297728 30989 1 e2 46261052 33147 -1
249 e2 29871051 120769 1 e2 106329130 119915 1 e2 58021378 182557 1
250 e2 30022850 644049 1 e2 153851126 671387 -1 e2 37744626 658345 1
251 e2 30676951 7550 1 e2 110891816 14782 -1 e2 56792902 16032 1
252 e2 30689079 38299 1 e2 110822728 59240 -1 e2 66830247 59694 1
253 e2 30774005 38606 1 e2 134668234 211786 1 e2 27875118 83612 -1
254 e2 30930171 180851 1 e2 124370055 194003 -1 e2 29231509 259999 -1
255 e2 31123460 507819 1 e2 113980459 669625 1 e2 51434431 611955 -1
256 e2 31638298 15428 1 e2 109566056 15499 -1 e2 63814700 31891 1
257 e2 31663787 168915 1 e2 110030050 221122 1 e2 45413318 186549 1
258 e2 31835571 14670 1 e2 118573986 17493 1 e2 47671879 15360 -1
259 e2 31857800 121664 1 e2 146977640 142189 1 e2 40799800 144531 -1
260 e2 32017431 1002799 1 e2 106455320 874689 -1 e2 35000804 1078521 -1
261 e2 33020397 126059 1 e2 154566587 186630 1 e2 37578307 135455 -1
262 e2 33171177 143913 1 e2 108872965 159200 -1 e2 37390659 179830 -1
263 e2 33323720 36796 1 e2 148649200 46115 1 e2 42600553 47822 1
264 e2 33391786 267492 1 e2 112131291 303228 -1 e2 74718280 364872 -1
265 e2 33663973 54393 1 e2 139954382 53981 1 e2 74633441 78808 -1
266 e2 33721383 63308 1 e2 133004033 70695 1 e2 63857074 64273 1
267 e2 33968149 38791 1 e2 158756599 50698 1 e2 81365594 117061 1
268 e2 34028454 698458 1 e2 157746510 742625 1 e2 43622036 776519 1
269 e2 34728631 92236 1 e2 145257775 132642 1 e2 76850028 130740 1
270 e2 35057908 228824 1 e2 150155670 264711 1 e2 75346891 262504 1
271 e2 35292639 64806 1 e2 152103381 73959 1 e2 56710965 75275 -1
272 e2 35357631 105326 1 e2 155017417 111434 1 e2 45037233 123950 1
273 e2 35521077 10001 1 e2 120902499 13331 -1 e2 31357606 8477 -1
274 e2 35666545 26125 1 e2 120700822 49359 -1 e2 31209645 28611 -1
275 e2 35694317 351310 1 e2 151331361 510092 1 e2 70949408 462812 -1
276 e2 36046103 198535 1 e2 119231367 249851 1 e2 46842984 214470 -1
277 e2 36246712 350131 1 e2 119483522 446402 1 e2 27237891 410804 1
278 e2 36601424 19994 1 e2 119935976 24284 1 e2 29677152 29750 1
279 e2 36629450 8587 1 e2 111200969 11413 1 e2 29707679 9611 1
280 e2 36639957 43356 1 e2 158500506 55533 -1 e2 81194335 59472 -1
281 e2 36689925 8295 1 e2 158490941 9077 1 e2 57782419 9924 -1
282 e2 36699025 47031 1 e2 156862042 42143 1 e2 39077578 41390 -1
283 e2 36758010 18495 1 e2 144241520 41462 -1 e2 39038199 28760 -1
284 e2 36821747 22449 1 e2 140634023 27971 -1 e2 69034138 31920 1
285 e2 36846390 91327 1 e2 138509694 101222 1 e2 69067753 113316 1
286 e2 36981206 340889 1 e2 148112043 435197 -1 e2 42097776 389785 -1
287 e2 37323017 386237 1 e2 117664775 505961 1 e2 48072013 487558 -1
288 e2 37709387 94487 1 e2 133490932 103530 -1 e2 64361703 121408 -1
289 e2 37915003 167897 1 e2 159380819 189313 -1 e2 82098843 241765 -1
290 e2 38087928 212122 1 e2 131658492 298858 -1 e2 45989637 262989 1
291 e2 38307606 98375 1 e2 156922497 141237 1 e2 42798735 130607 1
292 e2 38406935 108213 1 e2 149251212 122081 -1 e2 30540820 118207 1
293 e2 38515585 14203 1 e2 132389025 22663 1 e2 33914908 11958 -1
294 e2 38538541 11298 1 e2 132414981 11765 1 e2 31195971 13194 -1
295 e2 38617099 8339 1 e2 152456233 7507 1 e2 56515804 12266 1
296 e2 38723714 41770 1 e2 152608970 75158 1 e2 56357573 102296 -1
297 e2 38771061 14216 1 e2 149380336 22605 1 e2 56322274 28627 -1
298 e2 38788259 18824 1 e2 139475923 28432 1 e2 79392926 51636 1
299 e2 38808635 8316 1 e2 112457953 7612 -1 e2 33316609 8111 -1
300 e2 38817361 10534 1 e2 149932964 4889 -1 e2 75131512 7938 -1
301 e2 38863688 113020 1 e2 110255980 122086 -1 e2 45600305 116086 -1
302 e2 39045985 148927 1 e2 115953358 160412 -1 e2 50178042 157731 1
303 e2 39235368 107714 1 e2 146266882 124623 -1 e2 54517984 117340 -1
304 e2 39344574 63605 1 e2 146184579 69793 -1 e2 77888502 73508 -1
305 e2 39484814 44610 1 e2 144283896 56040 -1 e2 42734921 51863 1
306 e2 39530478 74866 1 e2 131556489 101547 -1 e2 60418572 94679 -1
307 e2 39644725 1912 1 e1 1360392 5864 1 e1 8221968 3414 1
308 e2 39758485 308536 1 e2 144812769 324812 -1 e2 76353743 370502 -1
309 e2 40080679 665476 1 e2 116958981 615151 -1 e2 48663847 667752 1
310 e2 40775353 52868 1 e2 160023975 35663 1 e2 82709644 40047 1
311 e2 40877986 138488 1 e2 137267288 146656 -1 e2 60538653 181142 1
312 e2 41017273 37571 1 e2 129373426 40907 -1 e2 31672493 43530 -1
313 e2 41046826 288292 1 e2 160061488 272319 1 e2 82751135 275342 1
314 e2 41347966 76285 1 e2 148019659 83135 -1 e2 42009875 74886 -1
315 e2 41441815 16368 1 e2 139527341 17715 1 e2 79467656 29910 1
316 e2 41691773 119666 1 e2 139815343 134119 1 e2 29054365 131719 -1
317 e2 41817037 84426 1 e2 112036349 91571 -1 e2 28963756 86602 -1
318 e2 41918020 85771 1 e2 147828051 111734 1 e2 41788929 117307 1
319 e2 42022924 144193 1 e2 160338918 138955 1 e2 83030332 200039 1
320 e2 42368414 67168 1 e2 149094045 108404 1 e2 39217978 109816 -1
321 e2 42457332 120754 1 e2 151864564 182793 -1 e2 70780538 155384 1
322 e2 42579253 572898 1 e2 118595350 635935 -1 e2 47057620 608520 1
323 e2 43156212 39162 1 e2 146928251 46749 -1 e2 40946940 52346 1
324 e2 43218544 35558 1 e2 111892232 38854 1 e2 33838219 37943 1
325 e2 43255082 11478 1 e2 111931177 12693 1 e2 54214311 14748 -1
326 e2 43266996 33069 1 e2 153749701 35724 1 e2 64754511 42428 1
327 e2 43302813 50031 1 e2 153787671 61121 1 e2 38405507 55253 -1
328 e2 43354724 281530 1 e2 110907675 292605 1 e2 70108457 603816 -1
329 e2 43650763 240877 1 e2 146391572 218867 1 e2 54639381 264916 1
330 e2 44009378 176686 1 e2 146721506 167268 1 e2 40611730 180756 1
331 e2 44243206 86873 1 e2 135475810 115978 1 e2 33675355 113610 -1
332 e2 44350318 23651 1 e2 114893101 27426 -1 e2 33629622 44472 -1
333 e2 44406045 958 1 e4 42419757 28509 1 e4 160829251 25184 1
334 e2 44568484 8280 1 e2 114676141 13077 1 e2 51346117 61693 1
335 e2 44601408 264318 1 e2 143891636 310431 -1 e2 38703613 288531 -1
336 e2 44876609 121103 1 e2 146072716 111597 -1 e2 77721432 166936 -1
337 e2 45021134 122244 1 e2 130818791 115415 -1 e2 59607922 122894 -1
338 e2 45144552 733673 1 e2 129947077 869646 -1 e2 32131995 706192 -1
339 e2 46588313 8719 1 e2 132267135 92666 1 e2 33986507 131554 -1
340 e2 46637462 131519 1 e2 131962683 204175 -1 e2 45744091 234240 1
341 e2 46771817 348582 1 e2 159005564 373279 -1 e2 81724948 361513 -1
342 e2 47120866 8000 1 e2 111252619 9070 1 e2 28430514 12327 -1
343 e2 47261697 332634 1 e2 134065550 453850 1 e2 27962846 423425 -1
344 e2 47682458 5919 1 e2 110729810 5908 -1 e2 67016747 6047 1
345 e2 47697148 126696 1 e2 113440381 127890 1 e2 67034223 137891 1
346 e2 47831080 144392 1 e2 115106856 151858 -1 e2 67184231 144250 1
347 e2 47990342 65132 1 e2 156775879 85627 1 e2 39119830 84806 -1
348 e2 48166241 168315 1 e2 109219924 204848 -1 e2 53199260 169454 1
349 e2 48338717 37907 1 e2 109181929 36446 -1 e2 34157920 294410 1
350 e2 48411325 14836 1 e2 109055090 7701 -1 e2 56892863 7805 -1
351 e2 48463191 12090 1 e2 154843777 20496 1 e2 56818087 16224 -1
352 e2 48482045 20674 1 e2 154872707 13000 1 e2 79030530 11115 1
353 e2 48551837 10565 1 e2 148697806 12638 -1 e2 34873030 11173 -1
354 e2 48568739 213456 1 e2 144458651 254605 1 e2 34624616 235287 -1
355 e2 48787214 191130 1 e2 140743249 218704 1 e2 68732119 220922 -1
356 e2 48980287 113997 1 e2 118061293 168503 1 e2 47960487 209971 -1
357 e2 49414804 10335 1 e2 120642464 22476 -1 e2 54246249 13193 1
358 e2 49429681 223740 1 e2 120346232 287503 -1 e2 69238781 236052 1
359 e2 49680117 313803 1 e2 136900242 366176 -1 e2 67749261 436438 -1
360 e2 49996930 560074 1 e2 136280534 619405 -1 e2 80452231 641552 -1
361 e2 50652421 53020 1 e2 141575945 108589 -1 e2 78550119 96966 -1
362 e2 50709993 16742 1 e2 141554734 17503 -1 e2 65706038 24800 1
363 e2 50866367 143552 1 e2 155813894 178111 -1 e2 62785931 206621 1
364 e2 51010423 5868 1 e2 148103265 6993 1 e2 42085417 8242 1
365 e2 51039931 52616 1 e2 117580095 76290 -1 e2 48570513 86944 1
366 e2 51100308 11729 1 e2 143733580 23931 -1 e2 76320281 15721 -1
367 e2 51144435 70715 1 e2 132872369 127494 1 e2 53006893 58362 1
368 e2 51217014 164199 1 e2 131292377 205705 -1 e2 60160135 209619 -1
369 e2 51516767 63375 1 e2 131103980 68630 -1 e2 60004951 41442 1
370 e2 51684495 79823 1 e2 130935049 71737 -1 e2 59733755 94225 -1
371 e2 51759149 5169 1 e2 130935049 5091 1 e2 77369555 7775 1
372 e2 51759149 5169 1 e2 145712220 3012 1 e2 59733755 1643 1
373 e2 51759149 5169 1 e2 145712220 3012 1 e2 77369555 7775 1
374 e2 51765193 128515 1 e2 140454131 154994 -1 e2 73932951 221389 1
375 e2 51892949 142279 1 e2 139281934 143464 1 e2 79215668 157179 1
376 e2 52078526 401260 1 e2 149403187 437249 1 e2 55834422 501102 -1
377 e2 52494535 23243 1 e2 149862278 27747 1 e2 33253957 36184 1
378 e2 52535710 21616 1 e2 129338620 23721 1 e2 31639234 23621 1
379 e2 52569580 12084 1 e2 147992288 1636 1 e2 41968506 14034 1
380 e2 52571926 1832 1 e2 147999493 1700 1 e2 41985535 11361 1
381 e2 52593355 14858 1 e2 147992288 1636 1 e2 41968506 14034 1
382 e2 52593355 14858 1 e2 147992288 1636 1 e4 174214913 1998 1
383 e2 52608531 7118 1 e2 147984299 7346 -1 e2 41957555 20011 -1
384 e2 52618636 115844 1 e2 158807850 127676 1 e2 81485307 157296 1
385 e2 52732482 4366 1 e2 158935403 3124 1 e1 3051471 8868 1
386 e2 52755523 32962 1 e2 158967288 37730 1 e2 81674368 50001 1
387 e2 52958865 105942 1 e2 133224938 114014 1 e2 64087158 128019 1
388 e2 53129042 146670 1 e2 159836256 127618 1 e2 82513912 141034 1
389 e2 53278384 8413 1 e2 116948593 10310 1 e2 49335170 15085 1
390 e2 53405089 157152 1 e2 116657224 162637 -1 e2 49468396 175520 1
391 e2 53562927 323926 1 e2 135846654 353794 -1 e2 79961558 371061 -1
392 e2 53955651 21421 1 e2 140718893 18239 1 e2 68961014 9086 1
393 e2 53980027 52016 1 e2 144727443 69428 1 e2 34546942 74404 -1
394 e2 54037841 116634 1 e2 143761340 112932 1 e2 53388212 99072 1
395 e2 54371957 77622 1 e2 110674375 54909 1 e2 57252499 74481 1
396 e2 54427871 70979 1 e2 151076801 67972 1 e2 57328716 68774 1
397 e2 54655002 8789 1 e2 120680175 9839 -1 e2 33879314 23592 -1
398 e2 54665622 10489 1 e2 120667658 11238 -1 e2 54230383 13363 1
399 e2 54684612 9497 1 e2 155129813 24890 1 e2 45167839 18038 1
400 e2 54695988 17806 1 e2 147604373 17856 -1 e2 41580415 22302 -1
401 e2 54717551 209751 1 e2 132446170 327520 -1 e2 30958828 228283 1
402 e2 54957357 60319 1 e2 138036837 70583 1 e2 61816178 86473 -1
403 e2 55032810 24455 1 e2 112002530 29098 -1 e2 28914329 41650 -1
404 e2 55451755 167313 1 e2 133600563 223372 -1 e2 64485426 193596 -1
405 e2 55623649 1220697 1 e2 141975146 1124362 -1 e2 72321732 1344408 1
406 e2 56845184 28425 1 e2 120068613 35361 -1 e2 69997794 68667 1
407 e2 56907294 21322 1 e2 139127289 23679 -1 e2 79044724 29663 -1
408 e2 56928793 267364 1 e2 138852550 274609 -1 e2 66424234 404335 -1
409 e2 57196729 42275 1 e2 138811103 41019 -1 e2 54408718 46279 -1
410 e2 57239878 99270 1 e2 155155124 106108 -1 e2 45186413 109060 -1
411 e2 57355934 201034 1 e2 147639606 183342 1 e2 41610952 174704 1
412 e2 57565126 22398 1 e2 150412563 28089 -1 e2 79856993 44178 1
413 e2 57603485 19030 1 e2 152062318 22236 -1 e2 70729999 29420 1
414 e2 57627725 23470 1 e2 149219573 20055 1 e2 30667442 23032 -1
415 e2 57653249 152190 1 e2 129692050 187796 -1 e2 31925960 148303 -1
416 e2 58033423 100913 1 e2 137474329 120400 -1 e2 57852642 124360 1
417 e2 58285319 119925 1 e2 120107462 133154 -1 e2 69815556 172762 1
418 e2 58543270 99027 1 e2 141741937 100580 -1 e2 73803749 109783 1
419 e2 58646096 29708 1 e2 136200847 43318 -1 e2 80351000 66127 -1
420 e2 58681888 437604 1 e2 116226106 428786 -1 e2 49646495 411223 1
421 e2 59120401 50227 1 e2 120921077 50814 1 e2 31371736 45536 1
422 e2 59176268 262138 1 e2 129093281 237390 1 e2 31422650 206934 1
423 e2 59448822 22109 1 e2 149909214 23658 1 e2 75108026 23132 1
424 e2 59614452 488125 1 e2 157064258 493677 -1 e2 42930960 595242 -1
425 e2 60102967 3160 1 e2 149374221 5582 1 e2 30533953 5982 -1
426 e2 60149964 126821 1 e2 152720772 122726 1 e2 33484442 144099 -1
427 e2 60283634 152414 1 e2 112465565 155241 -1 e2 33324825 154081 -1
428 e2 60436442 177493 1 e2 149949528 204378 1 e2 75148069 195744 1
429 e2 60633727 42980 1 e2 145656315 55416 1 e2 77321454 47442 1
430 e2 60692133 361301 1 e2 145730061 298914 1 e2 77392711 327597 1
431 e2 61057060 16037 1 e2 140611782 10882 1 e2 73918741 11103 -1
432 e2 61081499 19029 1 e2 138472640 26579 -1 e2 78720131 47521 1
433 e2 61105670 97193 1 e2 143116173 100366 -1 e2 65298231 132714 -1
434 e2 61222809 29292 1 e2 140963963 40522 1 e2 68683098 41735 -1
435 e2 61252705 33118 1 e2 141004990 40644 1 e2 54467848 42619 -1
436 e2 61301379 3777 1 e1 10641172 4672 -1 e1 12124481 5763 -1
437 e2 61335565 442831 1 e2 141058569 493804 1 e2 65740057 679122 -1
438 e2 61779306 186033 1 e2 156158170 182425 1 e2 62353931 227512 -1
439 e2 61965689 3798 1 e2 156343734 3739 1 e2 62327900 3704 -1
440 e2 61987374 123804 1 e2 156375725 175403 1 e2 62094255 233072 -1
441 e2 62113262 134381 1 e2 112651860 188217 -1 e2 61914793 177022 -1
442 e2 62249783 59619 1 e2 152209356 89771 -1 e2 56635883 71510 1
443 e2 62316548 48613 1 e2 154950071 46864 -1 e2 44962887 64333 -1
444 e2 62377687 24750 1 e2 154889512 36584 -1 e2 78846427 44040 1
445 e2 62421587 93183 1 e2 148767467 104532 1 e2 34903958 96708 1
446 e2 62515274 51213 1 e2 160479675 71870 1 e2 83235645 177702 1
447 e2 62609222 17638 1 e2 160593022 17164 1 e2 83858188 100471 -1
448 e2 62772570 432666 1 e2 160757704 582433 1 e2 84123430 1143623 1
449 e2 63257043 73578 1 e4 58502842 51331 -1 e4 187527162 356274 -1
450 e2 63349800 84229 1 e4 58714473 91212 -1 e4 187163258 178107 1
451 e2 63528439 29590 1 e4 58650057 46503 1 e4 187398407 75811 -1
452 e2 63679874 58163 1 e4 57643530 67667 -1 e4 185579519 57137 -1
453 e2 63782953 272181 1 e4 58810355 195428 -1 e4 186911050 240304 1
454 e2 64059122 8218 1 e4 59026983 7924 -1 e4 186884458 7489 1
455 e3 64196786 6448 1 e4 60029221 6542 -1 e3 88900504 7004 1
456 e3 64256491 16026 1 e3 88401594 11990 -1 e3 94482977 14632 1
457 e3 64294512 82791 1 e3 101479940 111838 -1 e3 95512798 136672 1
458 e3 64386322 62174 1 e3 89149259 174691 1 e3 93455609 152771 -1
459 e3 64467924 38698 1 e3 84010045 57952 -1 e3 94513856 68122 1
460 e3 64545566 484503 1 e3 89554316 824924 -1 e3 92078114 968191 1
461 e3 65070973 381984 1 e3 88595426 550174 1 e3 93616610 591061 -1
462 e3 65500631 41905 1 e3 101291366 93167 -1 e3 95745070 81813 1
463 e3 65546256 366461 1 e3 76187742 531183 -1 e3 96690624 593442 1
464 e3 66435231 146474 1 e3 83549878 177743 1 e3 97916646 269239 1
465 e3 66711536 34545 1 e3 99974493 26304 -1 e3 90333069 27210 -1
466 e3 66746439 102486 1 e3 68914830 103083 1 e3 114457732 117693 1
467 e3 66855210 1044128 1 e3 63373373 978496 1 e3 114578842 1443447 1
468 e3 68081755 295926 1 e3 64517375 301239 1 e3 128915658 322437 -1
469 e3 68378977 53878 1 e3 64820070 55579 1 e3 104036188 61639 -1
470 e3 68478209 59887 1 e3 92599552 46432 1 e3 122474943 47707 -1
471 e3 68629597 36516 1 e3 92789123 34822 1 e3 122309685 71665 1
472 e3 68686979 19707 1 e3 92844539 21236 1 e3 109717100 23471 1
473 e3 68713874 30931 1 e3 94117878 35219 1 e3 116367518 39175 -1
474 e3 68771623 301802 1 e3 92257965 302285 -1 e3 105083582 379228 1
475 e3 69076927 96166 1 e3 77005213 102557 1 e3 99837511 132959 -1
476 e3 69182629 15933 1 e3 77117683 17764 1 e3 95829562 64581 1
477 e3 69269695 1648 1 e3 99537258 19072 1 e3 98865956 5201 1
478 e3 69309498 15795 1 e3 77245478 18626 1 e3 95957775 39996 1
479 e3 69329189 7349 1 e3 77265895 14166 1 e3 96068232 8062 1
480 e3 69337378 32298 1 e3 86823822 35246 -1 e3 96077616 40704 1
481 e3 69375031 1041 1 e3 79187480 1269 1 e3 117555740 3840 1
482 e3 69401618 3721 1 e3 99537258 19072 1 e3 98865956 5201 1
483 e3 69458519 14307 1 e3 84418325 17994 1 e3 130375301 14409 1
484 e3 69474944 291291 1 e3 62749992 371114 -1 e3 102838375 375299 1
485 e3 69795135 200462 1 e3 78473320 180343 -1 e3 126455923 190630 1
486 e3 70111302 73420 1 e3 78296701 80905 -1 e3 108515158 73401 1
487 e3 70185346 1302 1 e3 91427464 5129 1 e3 127431167 1993 1
488 e3 70529328 110270 1 e3 77846753 144111 -1 e3 108928625 117118 1
489 e3 70643614 339980 1 e3 67077208 326531 -1 e3 110436420 390093 1
490 e3 71013575 10318 1 e3 79789429 12574 1 e3 128417723 12548 1
491 e3 71154453 16811 1 e3 74212440 29463 -1 e3 134748587 18977 1
492 e3 71204454 78685 1 e3 99872353 97471 -1 e3 90238742 90896 -1
493 e3 71285380 1942 1 e3 99537258 19072 1 e3 98865956 5201 1
494 e3 71294941 209289 1 e3 99537258 319097 -1 e3 98865956 335754 -1
495 e3 71681340 109340 1 e3 99080200 163853 -1 e3 98520897 189709 -1
496 e3 71838307 147776 1 e3 69050125 171229 1 e3 98236546 231831 -1
497 e3 71999726 9945 1 e3 101249734 10443 -1 e3 98222975 10424 -1
498 e3 72014140 282263 1 e3 100866701 378828 -1 e3 99396120 393594 -1
499 e3 72315901 47957 1 e3 65502704 38522 1 e3 121573303 59357 1
500 e3 72959892 1457 1 e3 99537258 19072 1 e3 98865956 5201 1
501 e3 72962318 7886 1 e3 66141756 15291 1 e3 122288803 11058 1
502 e3 73028710 334952 1 e3 66197247 345100 1 e3 111458094 428625 -1
503 e3 73404238 67346 1 e3 77414224 54409 -1 e3 109444815 82709 1
504 e3 73471963 416032 1 e3 68530542 369497 1 e3 107065241 435145 -1
505 e3 73888988 353909 1 e3 91715749 336728 1 e3 106637884 426764 -1
506 e3 74280066 3406 1 e2 120795289 7547 1 e3 106584053 755 1
507 e3 74311141 7789 1 e3 74190440 9371 1 e3 134785622 10135 1
508 e3 74415718 4964 1 e3 85605895 7097 1 e3 131272798 185331 1
509 e3 74617373 68075 1 e3 65428150 66984 1 e3 131508402 71520 1
510 e3 74697932 33290 1 e3 98642965 65401 -1 e3 104563189 53577 1
511 e3 74731364 31193 1 e3 71705056 41176 1 e3 121523830 41348 1
512 e3 74816047 357507 1 e3 71796360 407168 1 e3 131620110 453324 1
513 e3 75191319 186601 1 e3 79802603 216226 -1 e3 128432492 217657 -1
514 e3 75382980 497753 1 e3 66600391 442490 -1 e3 110865056 553552 1
515 e3 75901038 15986 1 e3 100006328 98511 -1 e3 90362002 17864 -1
516 e3 75918259 35610 1 e3 83907922 43920 1 e3 91638795 50761 1
517 e3 75957107 6698 1 e3 86185975 8504 -1 e3 125948430 33071 -1
518 e3 75968608 336935 1 e3 85737465 424740 -1 e3 103294622 513365 1
519 e3 76295251 97424 1 e3 97534672 117800 1 e3 103815233 122443 1
520 e3 76393739 95715 1 e3 97656181 148232 1 e3 126770729 128695 -1
521 e3 76490443 20041 1 e3 79124115 45782 1 e3 105639448 103640 1
522 e3 76649677 85593 1 e3 65095623 4355 1 e3 114338372 3872 1
523 e3 76714689 321189 1 e3 79327181 325996 1 e3 116924828 392434 -1
524 e3 77036206 29167 1 e3 64905463 34339 1 e3 103943973 50506 -1
525 e3 77065655 16279 1 e3 64946485 16382 1 e3 126902910 21208 1
526 e3 77082545 102839 1 e3 64969627 124085 1 e3 114346154 92746 -1
527 e3 77188416 174612 1 e3 65107281 163304 1 e3 114103606 226483 -1
528 e3 77363422 3837 1 e3 65270912 3588 1 e3 122300296 3429 1
529 e3 77462176 36852 1 e3 65362044 36690 1 e3 126126021 112061 -1
530 e3 77499977 170574 1 e3 68364920 164139 1 e3 107504164 198020 -1
531 e3 77679101 16181 1 e3 77389207 24850 -1 e3 109528116 30783 1
532 e3 77710607 206928 1 e3 70791904 216797 1 e3 118407312 275650 1
533 e3 77977829 137489 1 e3 101994875 174477 -1 e3 90618936 131441 1
534 e3 78134267 89604 1 e3 100692825 171803 -1 e3 90775139 137063 1
535 e3 78263907 171748 1 e3 100181699 297882 -1 e3 89701364 164882 -1
536 e3 78455542 18244 1 e3 66578073 18828 -1 e3 111423856 22547 1
537 e3 78491274 330607 1 e3 77485480 342352 1 e3 109061206 371501 -1
538 e3 78828760 104898 1 e3 76892628 109456 1 e3 96342085 131980 -1
539 e3 78935401 108658 1 e3 92131146 126385 -1 e3 105464864 170547 1
540 e3 79099699 4874 1 e3 97804912 5468 1 e3 100950044 5359 -1
541 e3 79104609 995 1 e3 97900161 17259 1 e2 62321678 704 1
542 e3 79104609 995 1 e3 97900161 17259 1 e2 62340393 704 1
543 e3 79104609 995 1 e3 97900161 17259 1 e3 129683965 3215 1
544 e3 79104609 995 1 e3 100523488 629 1 e3 129683965 3215 1
545 e3 79108466 60003 1 e3 97818521 78562 1 e3 100856588 88342 -1
546 e3 79173354 38806 1 e3 97930456 50274 1 e3 100773533 73848 -1
547 e3 79216560 38278 1 e3 98277055 72068 1 e3 104967779 48950 -1
548 e3 79516701 694868 1 e3 71019131 685672 -1 e3 120658732 863501 -1
549 e3 80214577 5335 1 e3 71012629 5950 -1 e3 112941382 5886 1
550 e3 80227128 60010 1 e3 102247427 70711 1 e3 90469382 92502 -1
551 e3 80302677 207910 1 e3 102332225 250356 1 e3 89990491 241369 -1
552 e3 80568316 25621 1 e3 102609134 53764 1 e3 99212771 44431 -1
553 e3 80596826 62325 1 e3 102663945 72406 1 e3 90382282 78982 -1
554 e3 80659440 143620 1 e3 76718975 149361 1 e3 96509871 176919 -1
555 e3 80838823 83992 1 e3 67404142 86833 1 e3 110349834 81896 -1
556 e3 80947917 12752 1 e3 93684331 20541 1 e3 116877904 12342 -1
557 e3 80997010 2209 1 e2 140622824 2234 1 e1 8960239 5289 -1
558 e3 80999702 86345 1 e3 93738820 84128 1 e3 116728722 98473 -1
559 e3 81107175 155280 1 e3 62296867 170440 1 e3 125574437 173505 1
560 e3 81271619 9760 1 e3 62479544 5106 1 e2 28391881 12641 1
561 e3 81271619 9760 1 e3 62479544 5106 1 e3 134954625 1651 1
562 e3 81317036 90297 1 e3 62524711 120260 1 e3 125818661 127497 1
563 e3 81408622 53198 1 e3 62646610 103117 1 e3 103215653 77633 -1
564 e3 81462877 31218 1 e3 84216197 36974 -1 e3 130145304 100889 1
565 e3 81495215 104585 1 e3 84095213 113849 -1 e3 112952362 104585 1
566 e3 81588747 14005 1 e3 84077941 18039 -1 e3 129450385 17477 1
567 e3 81603545 18090 1 e3 88385393 20081 1 e3 102821882 4058 1
568 e3 81603545 26431 1 e3 88372599 32875 -1 e3 129468449 13022 1
569 e3 81630602 9918 1 e3 79653131 11374 1 e3 116907377 15827 -1
570 e3 81657207 63129 1 e3 86276960 83255 -1 e3 100248142 72532 1
571 e3 81720593 68302 1 e3 86195144 81468 -1 e3 125983168 85526 -1
572 e3 81788976 40189 1 e3 83950472 42323 1 e3 94621216 57630 -1
573 e3 81848818 65429 1 e3 69735817 103940 -1 e3 91957090 101399 -1
574 e3 81961275 53246 1 e3 69561270 126680 -1 e3 91797029 89287 -1
575 e3 82079707 5436 1 e3 69501740 3446 -1 e3 94688372 3212 1
576 e3 82086307 79523 1 e3 90874781 119609 1 e3 127875405 156749 -1
577 e3 82268788 4454 1 e3 91427464 5129 1 e3 127431167 1993 1
578 e3 82285067 10554 1 e3 91133852 5090 1 e3 127752422 4677 -1
579 e3 82285067 10554 1 e4 56512235 6374 1 e3 127752422 4677 -1
580 e3 82297215 251421 1 e3 91141682 284665 1 e3 127433919 316652 -1
581 e3 82687146 107461 1 e3 91585692 129655 1 e3 127114889 142464 -1
582 e3 82924314 120520 1 e3 78826501 150444 -1 e3 112561319 148524 1
583 e3 83082833 145228 1 e3 87172910 178442 1 e3 120382528 177446 -1
584 e3 83266780 160083 1 e3 82947231 158002 1 e3 120108375 197603 -1
585 e3 83431927 44527 1 e3 90385797 65245 -1 e3 105836239 65628 -1
586 e3 83486854 4622 1 e3 69853907 6360 1 e3 105797491 24756 1
587 e3 83514681 29556 1 e3 69889096 33134 1 e3 117453353 46323 1
588 e3 83584672 71393 1 e3 69999594 80486 1 e3 117591380 83547 1
589 e3 83668623 102267 1 e3 80593102 109242 -1 e3 102029558 130962 1
590 e3 83777951 608937 1 e3 73318309 653110 -1 e3 132403841 694669 1
591 e3 84389639 480743 1 e3 70129446 660436 -1 e3 117710210 692899 -1
592 e3 84898488 3028 1 e3 80707226 2999 1 e3 101956301 44428 1
593 e3 84904697 3501 1 e3 80736390 7635 1 e3 101950307 3669 -1
594 e3 84908675 197769 1 e3 80803824 205257 1 e3 101667440 269572 -1
595 e3 85129111 247772 1 e3 75121134 295702 -1 e3 119656438 327296 1
596 e3 85348090 121991 1 e3 83114667 96709 -1 e3 119946921 143589 1
597 e3 85476567 26603 1 e3 90463175 23806 1 e3 105916065 27339 1
598 e3 85573454 497668 1 e3 82028126 497779 1 e3 123988097 551437 1
599 e3 86071338 2094 1 e4 35473877 2917 1 e2 51432823 1404 1
600 e3 86075176 295068 1 e3 82528286 352060 1 e3 124542602 363910 1
601 e3 86384289 179452 1 e3 61701894 221088 1 e3 124920433 236631 1
602 e3 86564151 135849 1 e3 96954891 229362 -1 e3 100530516 198234 1
603 e3 86724260 8451 1 e3 96902935 24968 -1 e3 105021086 12248 1
604 e3 86742665 39242 1 e3 96852693 46350 -1 e3 122529184 46342 1
605 e3 86915925 13869 1 e3 96648903 18862 -1 e3 122754832 23335 1
606 e3 86958467 252679 1 e3 96274384 326077 -1 e3 122820239 349485 1
607 e3 87231659 237016 1 e3 74609728 216823 -1 e3 134118042 235551 1
608 e3 87469011 131591 1 e3 72611501 122364 -1 e3 134798746 145786 -1
609 e3 87606973 43336 1 e3 72566580 39398 -1 e3 135191854 34302 -1
610 e3 87684088 63569 1 e3 74264374 66121 -1 e3 134651421 71390 1
611 e3 87747786 273093 1 e3 73020290 282788 -1 e3 133111769 295261 1
612 e3 88022650 73789 1 e3 72339130 68864 -1 e3 135011821 68223 -1
613 e3 88098470 2393 1 e3 74143659 2823 1 e3 135005280 2674 -1
614 e3 88101510 611558 1 e3 84547007 905237 -1 e3 130393570 836544 -1
615 e3 88870411 14217 1 e3 98710385 29202 -1 e3 104518696 31163 1
616 e3 88890355 43037 1 e3 87134836 36643 1 e3 120561668 33099 -1
617 e3 88949151 91247 1 e3 78672465 92581 -1 e3 126304394 111516 1
618 e3 89042644 43540 1 e3 84260857 49747 1 e3 130200929 57978 1
619 e3 89096764 172141 1 e3 88136614 236202 -1 e3 129482173 198850 1
620 e3 89269165 36634 1 e3 87079337 45324 1 e3 120608389 41970 -1
621 e3 89436991 161042 1 e3 75418229 243620 1 e3 119360982 286443 -1
622 e3 89696784 142036 1 e3 61505381 170154 1 e3 118956527 227856 -1
623 e3 89864882 179635 1 e3 87353289 253732 1 e3 118700122 246538 -1
624 e3 90045295 387913 1 e3 87608531 525987 1 e3 129687540 469885 -1
625 e3 90449266 129610 1 e3 86901446 176572 -1 e3 112772653 165781 -1
626 e3 90610129 84681 1 e3 77283115 99165 1 e3 109566424 108200 -1
627 e3 90701074 11629 1 e3 74248712 13781 -1 e3 134728250 12802 1
628 e3 90776309 239824 1 e3 61923570 308918 -1 e3 125157677 384458 -1
629 e3 91016469 122358 1 e3 97184633 152568 1 e3 100339895 190089 -1
630 e3 91157463 43532 1 e3 97354534 50071 1 e3 126078571 58441 1
631 e3 91205136 205753 1 e3 68138041 223860 -1 e3 107705131 250717 1
632 e3 91414406 78996 1 e3 72218290 84126 -1 e3 132074074 81226 -1
633 e3 91499704 134808 1 e3 80032009 160124 1 e3 128654332 173035 1
634 e3 91635331 390676 1 e3 67516608 427538 1 e3 109848225 472538 -1
635 e3 92037742 55849 1 e3 93345219 67045 -1 e3 106441827 91633 1
636 e3 92096349 10755 1 e3 93329405 11144 -1 e3 108502584 11374 -1
637 e3 92107242 8200 1 e3 90567488 7599 1 e3 106031685 10302 1
638 e3 92115562 60184 1 e3 63138499 66929 -1 e3 102730157 86823 1
639 e3 92180947 155443 1 e3 98836973 220400 1 e3 104179875 232542 -1
640 e3 92336776 317156 1 e3 94483937 384038 -1 e3 113077329 449189 -1
641 e3 92665434 20458 1 e3 94449807 19201 -1 e3 129429005 18825 -1
642 e3 92759736 142007 1 e3 94157773 203606 -1 e3 116045635 313711 1
643 e3 92907400 67204 1 e3 86739725 80542 -1 e3 96121536 88197 1
644 e3 92974865 73598 1 e3 86629578 109755 -1 e3 96213317 126467 1
645 e3 93048556 146706 1 e3 86390783 238378 -1 e3 99971478 241845 1
646 e3 93213955 89213 1 e3 79674366 114964 1 e3 128298672 114890 1
647 e3 93305183 95656 1 e3 93990035 123367 1 e3 116413056 135326 -1
648 e3 93402604 60633 1 e3 92867117 74966 1 e3 109742073 75343 1
649 e3 93476182 15808 1 e3 93432889 19693 1 e3 106407895 12576 -1
650 e3 93494282 200152 1 e3 93453908 221379 1 e3 128035655 249638 1
651 e3 93695487 5459 1 e3 93676576 6405 1 e3 116891712 5552 -1
652 e3 93705751 61833 1 e3 80192695 78102 1 e3 128827807 85141 1
653 e3 93767249 36188 1 e3 80270902 39499 1 e3 102509455 44501 -1
654 e3 93822954 172364 1 e3 80332927 227282 1 e3 102203216 280405 -1
655 e3 94021568 16947 1 e3 73972140 31743 1 e3 132331051 71178 -1
656 e3 94147905 16342 1 e3 74121963 20547 1 e3 132188798 36818 -1
657 e3 94167289 22371 1 e3 72302885 31971 -1 e3 132155628 27047 1
658 e3 94190148 7387 1 e3 68129262 8169 -1 e3 107958288 5733 1
659 e3 94336886 247392 1 e3 92954148 374970 1 e3 108149026 349555 1
660 e3 94593418 14280 1 e3 81984104 24477 -1 e3 123934218 26830 -1
661 e3 94618990 250844 1 e3 81680111 293377 -1 e3 112135126 323732 1
662 e3 94870524 196117 1 e3 81418815 258285 -1 e3 101051457 275390 -1
663 e3 95067542 15911 1 e3 81398029 19830 -1 e3 114438977 17584 -1
664 e3 95083550 42519 1 e3 81321090 72276 -1 e3 112485206 71212 -1
665 e3 95138705 191464 1 e3 81024771 270340 -1 e3 101336584 306714 1
666 e3 95332234 231444 1 e3 69229103 270248 1 e3 94694712 392546 -1
667 e3 95564015 254165 1 e3 90595880 278824 -1 e3 106066989 326429 -1
668 e3 95834507 104984 1 e3 63210295 126928 1 e3 102561058 159829 -1
669 e3 95943649 22397 1 e3 63342238 30896 1 e3 104100674 39611 1
670 e3 95969204 9355 1 e3 99061682 14157 -1 e3 104163687 12425 1
671 e3 95983476 402654 1 e3 94870522 616336 1 e3 113528494 572756 1
672 e3 96387471 56623 1 e3 95490625 89766 1 e3 111925652 100954 1
673 e3 96520445 2279 1 e3 95654230 2184 1 e3 96210031 2905 -1
674 e3 96523447 214391 1 e3 95656980 344672 1 e3 123576675 342641 -1
675 e3 96761197 50923 1 e3 74838893 51942 -1 e3 134033404 63766 1
676 e3 96818439 200948 1 e3 96004017 268802 -1 e3 123285075 280223 1
677 e3 97026531 71878 1 e3 74902140 73605 1 e3 133930457 84666 -1
678 e3 97114522 4155 1 e4 47230172 2762 1 e3 133900859 3989 1
679 e3 97148185 145835 1 e3 75010255 82744 1 e3 133674825 184542 -1
680 e3 97303183 199902 1 e3 72743117 253585 1 e3 133419664 245270 -1
681 e3 97509616 56815 1 e3 72408467 76643 1 e3 135082071 61982 1
682 e3 97588875 102906 1 e3 74344562 243029 -1 e3 134382264 247496 1
683 e4 97718318 24142 1 e4 57191531 55877 1 e4 185108413 73467 1
684 e4 97769135 415539 1 e4 57712554 705023 1 e4 185643541 637020 1
685 e4 98261809 304447 1 e4 59035659 407074 -1 e4 186410383 470665 1
686 e4 98590085 388594 1 e4 56538656 616477 -1 e4 184291668 765698 -1
687 e4 99179191 468878 1 e4 55907237 410893 -1 e4 183562834 548157 -1
688 e4 99647185 410 1 e4 22055350 977 1 e4 179821900 4476 1
689 e4 99657610 86345 1 e4 33716865 77434 1 e4 156328732 98446 1
690 e4 99749841 40424 1 e4 48801892 49117 1 e4 136482818 73005 1
691 e4 99819845 181836 1 e4 37929354 179148 -1 e4 157674897 202896 -1
692 e4 100120126 226240 1 e4 48042028 221801 1 e4 135846279 289909 1
693 e4 100384642 485286 1 e4 33009991 231887 1 e4 147188849 386259 -1
694 e4 100887360 74390 1 e4 33254161 77572 1 e4 153204355 71128 1
695 e4 100973994 26222 1 e4 33332830 26347 1 e4 156293853 30467 -1
696 e4 101001058 172458 1 e4 45098713 115901 1 e4 158738327 274235 1
697 e4 101307419 78741 1 e4 45308256 73801 1 e4 159321276 80466 -1
698 e4 101756741 34301 1 e4 45701231 44132 1 e4 159537440 62693 1
699 e4 101811648 581435 1 e4 45764647 529872 1 e4 153505359 819741 -1
700 e4 102484382 6168 1 e4 36525033 9758 -1 e4 152366449 10680 1
701 e4 102596668 6551 1 e4 38132022 4125 -1 e4 153178259 3858 -1
702 e4 102627100 16409 1 e4 48882536 20252 1 e4 136583390 16929 1
703 e4 102643594 30436 1 e3 80733451 1256 1 e1 22364083 1148 1
704 e4 102643594 30436 1 e3 80733451 1256 1 e3 96024353 43524 1
705 e4 102643594 30436 1 e3 80733451 1256 1 e3 99817798 1290 1
706 e4 102643594 30436 1 e3 80733451 1256 1 e3 101939929 8211 1
707 e4 102643594 30436 1 e3 80733451 1256 1 e3 122651639 1816 1
708 e4 102643594 30436 1 e3 80733451 1256 1 e5 204641156 37178 1
709 e4 102643594 30436 1 e4 30883787 1079 1 e1 22364083 1148 1
710 e4 102643594 30436 1 e4 30883787 1079 1 e3 96024353 43524 1
711 e4 102643594 30436 1 e4 30883787 1079 1 e3 99817798 1290 1
712 e4 102643594 30436 1 e4 30883787 1079 1 e3 101939929 8211 1
713 e4 102643594 30436 1 e4 30883787 1079 1 e3 122651639 1816 1
714 e4 102643594 30436 1 e4 30883787 1079 1 e5 204641156 37178 1
715 e4 102676961 84278 1 e4 48908204 100499 1 e4 136612589 78750 1
716 e4 102773533 7642 1 e4 52291116 8093 1 e4 136699715 7735 1
717 e4 102786167 307763 1 e4 20728205 270240 -1 e4 180100147 315286 -1
718 e4 103324349 17674 1 e4 33362913 15996 -1 e4 156254624 19543 1
719 e4 103353118 18757 1 e4 52653903 31570 1 e4 141756856 12844 1
720 e4 103381687 754239 1 e4 36550129 736118 -1 e4 151275447 1073490 1
721 e4 104175742 53675 1 e4 55805621 68760 -1 e4 183462174 67565 -1
722 e4 104315794 11176 1 e4 30664378 10158 1 e4 160027066 9281 -1
723 e4 104331591 573 1 e4 22247120 724 1 e4 146112982 1767 1
724 e4 104331591 573 1 e4 22247120 724 1 e4 146128674 4387 1
725 e4 104332439 534 1 e4 22274811 15405 1 e4 146115934 3219 1
726 e4 104332439 534 1 e4 22274811 15405 1 e4 146133328 3174 1
727 e4 104332439 534 1 e4 22274811 15405 1 e4 146282047 6578 1
728 e4 104332439 534 1 e4 22417884 12320 1 e4 146111277 526 1
729 e4 104332439 534 1 e4 22417884 12320 1 e4 146115934 3219 1
730 e4 104332439 534 1 e4 22417884 12320 1 e4 146133328 580 1
731 e4 104332439 534 1 e4 22417884 12320 1 e4 146136117 385 1
732 e4 104332439 534 1 e4 22417884 12320 1 e4 146282047 6578 1
733 e4 104333494 826 1 e3 91427464 5129 1 e3 127431167 1993 1
734 e4 104391804 60543 1 e4 30734404 72292 1 e4 159901770 65872 -1
735 e4 104501681 127882 1 e4 39146916 108672 -1 e4 180982058 146697 -1
736 e4 104729829 738594 1 e4 26765030 698512 -1 e4 164428629 1123892 -1
737 e4 105570342 324581 1 e4 26280309 393576 -1 e4 145340258 365803 -1
738 e4 105895488 174216 1 e4 39655226 202606 -1 e4 140857723 185439 -1
739 e4 106245533 18535 1 e4 32187114 1790 1 e4 140740026 1667 1
740 e4 106407563 114068 1 e4 31933325 136141 -1 e4 140536336 97581 -1
741 e4 106533367 17798 1 e4 54399963 21242 -1 e4 148959107 18901 1
742 e4 106551687 19047 1 e4 39634493 20213 1 e4 148982967 22805 1
743 e4 106573058 6734 1 e4 32324357 9219 1 e4 149009793 7978 1
744 e4 106604852 326918 1 e4 37394983 336233 1 e4 150618938 532888 -1
745 e4 106932739 420428 1 e4 42494090 388523 1 e4 150012409 603233 -1
746 e4 107388434 141786 1 e4 55007857 168201 1 e4 149727508 230444 -1
747 e4 107783357 11781 1 e4 47213967 14311 1 e4 149268760 24569 -1
748 e4 107801965 132958 1 e4 47240649 157611 1 e4 149037683 219962 -1
749 e4 107937287 42278 1 e4 47000516 47417 1 e4 182786037 52603 1
750 e4 108004104 374410 1 e4 55331067 416861 1 e4 182867689 516237 1
751 e4 108425685 8623 1 e4 34776123 8556 -1 e4 160179473 9938 1
752 e4 108463163 49173 1 e4 34703783 44939 -1 e4 157579110 58553 -1
753 e4 108526839 98513 1 e4 50775603 112018 1 e4 138516290 100525 1
754 e4 108625673 43798 1 e4 52302343 48625 -1 e4 136709790 46122 -1
755 e4 108671168 885768 1 e4 27771435 926885 1 e4 177576738 1352334 -1
756 e4 109642439 87042 1 e4 54865012 101072 -1 e4 153281054 121174 -1
757 e4 109721951 16898 1 e4 54826979 31865 -1 e4 148479990 18816 1
758 e4 109805346 236156 1 e4 36207937 316770 1 e4 152379991 288277 -1
759 e4 110048061 132626 1 e4 50605243 160270 1 e4 135239759 155478 -1
760 e4 110192006 3300 1 e4 22168569 5033 1 e4 172547263 6852 -1
761 e4 110203788 60930 1 e4 30895388 106923 -1 e4 172390944 135584 -1
762 e4 110265195 54494 1 e4 30814866 68583 -1 e4 172307962 81530 -1
763 e4 110326877 52402 1 e4 49037173 59801 -1 e4 172212804 81953 -1
764 e4 110381434 10159 1 e4 49029176 7500 -1 e4 146564994 8759 1
765 e4 110392034 395532 1 e4 51873520 416979 -1 e4 146577604 548735 1
766 e4 110827560 23672 1 e4 51797378 35760 -1 e4 139397065 21987 -1
767 e4 110973306 13632 1 e4 33701733 10972 -1 e4 149022389 7466 1
768 e4 110989673 20519 1 e4 33670598 20404 -1 e4 155824337 27122 1
769 e4 111200342 21721 1 e4 25593607 24537 1 e4 144619585 18018 1
770 e4 111223226 15597 1 e4 40307707 22381 1 e4 141504660 19401 1
771 e4 111239270 86096 1 e4 40330466 108279 1 e4 160536954 92630 -1
772 e4 111397750 26926 1 e4 40554998 28197 1 e4 179959052 42123 -1
773 e4 111425079 73873 1 e4 40583493 93309 1 e4 157907676 108202 -1
774 e4 111548403 230150 1 e4 40706122 313306 1 e4 162636831 316123 -1
775 e4 111793220 17482 1 e4 19394365 11468 1 e4 167547656 37636 -1
776 e4 111811053 215309 1 e4 21574302 257150 1 e4 179312633 262207 1
777 e4 112035265 43138 1 e4 22189982 51034 1 e4 146047403 57224 1
778 e4 112082036 3750 1 e4 22247120 724 1 e4 146112982 1767 1
779 e4 112082036 3750 1 e4 22247120 724 1 e4 146128674 4387 1
780 e4 112083897 1112 1 e4 22274811 15405 1 e4 146115934 3219 1
781 e4 112083897 1112 1 e4 22274811 15405 1 e4 146282047 6578 1
782 e4 112083897 1112 1 e4 22417884 12320 1 e4 146111277 526 1
783 e4 112083897 1112 1 e4 22417884 12320 1 e4 146115934 3219 1
784 e4 112083897 1112 1 e4 22417884 12320 1 e4 146133328 580 1
785 e4 112083897 1112 1 e4 22417884 12320 1 e4 146136117 385 1
786 e4 112083897 1112 1 e4 22417884 12320 1 e4 146282047 6578 1
787 e4 112086769 5167 1 e4 22257693 2834 -1 e4 146121137 3287 -1
788 e4 112109706 120926 1 e4 22293267 119318 1 e4 146138166 138244 1
789 e4 112244568 559 1 e4 22274811 15405 1 e4 146115934 3219 1
790 e4 112244568 559 1 e4 22274811 15405 1 e4 146282047 6578 1
791 e4 112244568 559 1 e4 22417884 12320 1 e4 146111277 526 1
792 e4 112244568 559 1 e4 22417884 12320 1 e4 146115934 3219 1
793 e4 112244568 559 1 e4 22417884 12320 1 e4 146133328 580 1
794 e4 112244568 559 1 e4 22417884 12320 1 e4 146136117 385 1
795 e4 112244568 173978 1 e4 22417884 161874 1 e4 146282047 167233 1
796 e4 112429656 303781 1 e4 42898892 383568 1 e4 181690510 437575 -1
797 e4 112837600 382377 1 e4 43390659 538884 1 e4 172880460 598981 1
798 e4 113327974 58304 1 e4 52550129 110934 1 e4 141679660 64597 1
799 e4 113391748 253980 1 e4 44836742 261005 -1 e4 158402773 333825 -1
800 e4 113727144 327562 1 e4 44359226 379434 -1 e4 173790712 407826 -1
801 e4 114212477 445021 1 e4 52864532 529251 1 e4 171372337 625600 -1
802 e4 114736565 34267 1 e4 22708821 32476 -1 e4 141782742 70809 -1
803 e4 114771502 240825 1 e4 49514159 257484 -1 e4 154515059 347972 -1
804 e4 115012457 178799 1 e4 25618490 209639 1 e4 144637692 203028 1
805 e4 115333713 76752 1 e4 21493713 80496 1 e4 179206577 98638 1
806 e4 115411940 327024 1 e4 19409528 319929 1 e4 167019311 524062 -1
807 e4 116000361 121694 1 e4 32604683 142285 1 e4 147945177 188955 -1
808 e4 116129822 12528 1 e4 47481511 5159 1 e4 135543491 7511 1
809 e4 116144637 187045 1 e4 32753485 203664 1 e4 147627917 309943 -1
810 e4 116507833 81711 1 e4 48489430 106703 1 e4 136281421 80102 1
811 e4 116689938 37984 1 e4 27726177 43519 1 e4 178932800 66033 -1
812 e4 116728574 179980 1 e4 20999575 198760 1 e4 180419495 197400 1
813 e4 116943147 135066 1 e4 49108286 192702 -1 e4 159706493 182992 1
814 e4 117080873 88393 1 e4 24846151 87226 1 e4 143866650 90156 1
815 e4 117186483 90638 1 e4 35372390 100879 -1 e4 163276079 102142 1
816 e4 117287553 58373 1 e4 52695870 69885 -1 e4 172106498 71989 1
817 e4 117346829 366084 1 e4 51145285 430770 -1 e4 138844173 368007 -1
818 e4 117718021 78713 1 e4 33806317 82588 1 e4 156442325 104275 1
819 e4 117796811 3126 1 e4 24941510 4448 -1 e4 143966799 3641 -1
820 e4 117853900 211661 1 e4 38330092 215254 1 e4 139545034 189121 1
821 e4 118067559 123617 1 e4 38608672 72827 1 e4 166103103 74105 -1
822 e4 118216552 42600 1 e4 21369744 38048 -1 e4 180798379 43405 -1
823 e4 118366356 275922 1 e4 25057115 339919 1 e4 144098243 324807 1
824 e4 118642959 112204 1 e4 33542274 128039 -1 e4 155851862 178697 1
825 e4 118962693 138093 1 e4 47661896 208438 -1 e4 135687936 152397 -1
826 e4 119208676 2302 1 e4 47481511 5159 1 e4 135543491 7511 1
827 e4 119268579 117782 1 e4 32333865 131837 -1 e4 148300018 176885 1
828 e4 119389505 57664 1 e4 37297652 59715 -1 e4 151155186 100828 1
829 e4 119448263 37328 1 e4 51576180 36591 1 e4 139214021 34841 1
830 e4 119486425 204679 1 e4 46450326 243903 1 e4 182228687 251518 1
831 e4 119691860 96962 1 e4 17560577 103686 -1 e4 170199216 118198 1
832 e4 119810170 896112 1 e4 23284557 926619 1 e4 142369481 940936 1
833 e4 120719384 165236 1 e4 30339021 226550 -1 e4 164096856 216134 1
834 e4 120885621 20928 1 e4 30314588 23187 -1 e4 160644950 24185 -1
835 e4 120907819 9151 1 e4 30299634 7194 1 e4 136765561 16544 1
836 e4 121248466 2880 1 e4 29924913 11008 1 e4 137070716 6466 1
837 e4 121254197 19238 1 e4 29895135 29893 -1 e4 174378944 37972 1
838 e4 121277610 5303 1 e4 29881483 2196 1 e4 174431402 18598 1
839 e4 121277610 5303 1 e4 29881483 2196 1 e4 175534488 610788 1
840 e4 121283609 6129 1 e4 29835361 6538 1 e4 174508791 4886 1
841 e4 121326545 22729 1 e4 29746945 34352 -1 e4 174666619 85859 -1
842 e4 121791208 299279 1 e4 28878309 439024 -1 e4 176945902 411552 1
843 e4 122093158 8042 1 e4 35599277 12218 1 e4 163161463 9929 -1
844 e4 122285579 276392 1 e4 35827455 310457 1 e4 152757034 351139 -1
845 e4 122565777 227338 1 e4 54552497 251170 -1 e4 148518232 300803 1
846 e4 122793798 30339 1 e4 46404761 27077 -1 e4 182151824 53795 -1
847 e4 123030115 28913 1 e4 50887945 35525 -1 e4 138617431 41607 -1
848 e4 123059566 6621 1 e4 52351001 8581 1 e4 136756618 7895 1
849 e4 123072894 4229 1 e1 15667856 2882 1 e3 93235619 7190 1
850 e4 123080713 121934 1 e4 52370778 177984 1 e4 141525330 152344 1
851 e4 123202977 3065 1 e4 44124044 3481 1 e4 173624128 3172 1
852 e4 123274416 21536 1 e4 52774620 16635 1 e4 172056213 40455 1
853 e4 123297856 43123 1 e4 35331544 39388 -1 e4 163380681 56564 1
854 e4 123342220 400889 1 e4 34294101 389865 1 e4 157063040 482011 1
855 e4 123753484 408477 1 e4 31479573 447200 1 e4 140076404 447867 1
856 e4 124164324 104652 1 e4 54428821 121619 1 e4 148825808 124750 -1
857 e4 124289255 5466 1 e4 22046348 4834 1 e4 179812452 6968 1
858 e4 124298024 68267 1 e4 22058570 52797 1 e4 179829764 82146 1
859 e4 124408110 173264 1 e4 53408555 189957 -1 e4 137348240 197070 1
860 e4 124594213 60987 1 e4 50541829 60030 1 e4 135399129 54788 -1
861 e4 124655724 216406 1 e4 19884505 230150 -1 e4 166496957 306081 1
862 e4 124880036 173350 1 e4 21831681 213535 -1 e4 179575280 234401 -1
863 e4 125116503 25251 1 e4 31071968 40232 1 e4 166245457 45289 -1
864 e4 125331267 140831 1 e4 31316770 159151 1 e4 139915964 159053 1
865 e4 125478233 10957 1 e4 22148428 11212 -1 e4 172570922 4842 1
866 e4 125489198 256698 1 e4 53608456 303752 1 e4 137085192 259237 -1
867 e4 125746214 848 1 e4 53912727 1166 1 e1 2090480 9548 1
868 e4 125775626 270131 1 e4 53942954 321321 1 e4 158020140 342746 -1
869 e4 126046184 23148 1 e4 54264892 28371 1 e4 172617511 31576 1
870 e4 126070819 845 1 e4 24830004 7901 1 e4 143850771 11111 1
871 e4 126078670 76162 1 e4 54294500 104429 1 e4 172668884 160501 1
872 e4 126194348 149337 1 e4 17398112 157468 1 e4 170357578 225370 -1
873 e4 126398997 372597 1 e4 22846727 383298 -1 e4 141888205 455931 -1
874 e4 126822715 444822 1 e4 49984623 523775 -1 e4 155101885 691281 -1
875 e4 127437152 10595 1 e4 22689390 10816 -1 e4 172198735 11188 1
876 e4 127447907 29421 1 e4 22656544 32305 -1 e4 146530474 34102 -1
877 e4 127776859 87606 1 e4 20114977 92854 1 e4 166364029 132607 -1
878 e4 127858329 206250 1 e4 20205918 225967 1 e4 145751354 281930 -1
879 e4 128064777 48857 1 e4 37873859 54871 -1 e4 145711477 108666 -1
880 e4 128122769 120521 1 e4 37733622 113776 -1 e4 160673735 123151 1
881 e4 128254238 14521 1 e4 42419757 38202 -1 e4 160823424 31011 1
882 e4 128270029 1348390 1 e4 41022119 1396632 -1 e4 160857365 1767781 1
883 e4 129621826 933535 1 e4 18468412 925281 -1 e4 167727484 1312717 1
884 e4 130555216 978 1 e1 14876409 57889 1 e4 169040649 1327 1
885 e4 130556680 834326 1 e4 17664670 801209 -1 e4 169042624 1154433 1
886 e4 131391429 236637 1 e4 46694652 297060 1 e4 182481984 292076 1
887 e4 131655619 26927 1 e4 48756976 33163 -1 e4 136473895 68224 -1
888 e4 131685915 43085 1 e4 27676994 48202 -1 e4 179001949 48824 1
889 e4 131980730 318812 1 e4 33911895 363186 -1 e4 156594103 433963 -1
890 e4 132325567 98625 1 e4 24947193 108316 1 e4 143973187 117496 1
891 e4 132425436 18627 1 e4 21209963 27133 -1 e4 180630860 30233 -1
892 e4 132446151 32630 1 e4 49302442 56487 1 e4 159652577 49449 -1
893 e4 132504933 111195 1 e4 49402992 110900 1 e4 154347666 165896 1
894 e4 132618807 308685 1 e4 39858561 447717 -1 e4 141045390 456921 -1
895 e4 132927735 82413 1 e4 26177119 101859 -1 e4 145248156 90385 -1
896 e4 133098907 48982 1 e4 26006162 67448 1 e4 145097116 56946 1
897 e4 133188550 13329 1 e4 25938852 13972 -1 e4 144953033 14553 -1
898 e4 133223677 354025 1 e4 38679887 466532 1 e4 165645083 457112 -1
899 e4 133577735 94514 1 e4 27553355 71849 1 e4 180888227 102541 -1
900 e4 133674524 144076 1 e4 34877055 181114 -1 e4 163802248 231633 1
901 e4 133849549 13504 1 e4 16672826 17077 1 e4 137735213 20732 -1
902 e4 133868710 9565 1 e4 16714589 11423 1 e4 137688988 32356 -1
903 e4 133912800 25780 1 e4 16646917 25882 -1 e4 137756555 30427 1
904 e4 133939241 436815 1 e4 16232375 411367 -1 e4 138026416 470297 1
905 e4 134390428 139563 1 e4 16121022 92738 -1 e4 137789884 161600 1
906 e4 134526695 107220 1 e4 16728455 112478 1 e4 137558108 126805 -1
907 e4 134647949 454434 1 e4 16849717 508302 1 e4 170653481 690557 -1
908 e4 135102766 4181 1 e4 17366856 14514 1 e4 170608004 16763 -1
909 e4 135114365 22075 1 e4 39607132 22176 -1 e4 172835542 43961 1
910 e4 135235427 94153 1 e4 39299336 164948 -1 e4 181266749 125870 -1
911 e4 135333869 836 1 e4 24830004 7901 1 e4 143850771 11111 1
912 e4 135350488 321045 1 e4 24211154 579901 -1 e4 143311276 516329 -1
913 e4 135674877 2976 1 e4 34804938 16129 1 e4 164056627 22870 1
914 e4 135674877 2976 1 e4 34804938 16129 1 e5 209472847 2314 1
915 e4 135679898 12327 1 e4 34830580 14696 1 e4 164035470 16895 -1
916 e5 135758616 31048 1 e5 171241769 61432 1 e5 230003228 73031 1
917 e5 135794781 348881 1 e5 169431055 428567 -1 e5 222981832 615516 1
918 e5 136144195 2457 1 e1 14089634 2596 -1 e2 42094715 2554 -1
919 e5 136147172 146136 1 e5 169228806 190667 -1 e5 223609164 268207 1
920 e5 136293501 57083 1 e5 169165079 62059 -1 e5 223885703 76187 1
921 e5 136351463 146004 1 e5 168993917 168617 -1 e5 229497245 187720 1
922 e5 136521806 1692 1 e5 169227380 1226 1 e3 91916771 6149 1
923 e5 136521806 1692 1 e5 169227380 1226 1 e5 223881806 3562 1
924 e5 136523890 2496 1 e5 168954113 2956 -1 e5 229723474 2742 1
925 e5 136571690 34839 1 e5 168846859 48469 -1 e5 230111152 209055 -1
926 e5 136608573 74819 1 e5 171309611 98466 -1 e5 230081851 104136 -1
927 e5 136868763 32953 1 e5 169887624 15165 -1 e5 222731394 218444 1
928 e5 136933130 1314381 1 e5 165889385 1618976 -1 e5 216764356 2078641 -1
929 e5 138247926 91059 1 e5 165771415 101152 -1 e5 215471577 98086 1
930 e5 138451590 106232 1 e5 186533556 155870 1 e5 225028539 145960 1
931 e5 138564912 24505 1 e5 186701902 29228 1 e5 225185988 40519 1
932 e5 138590759 13258 1 e5 191353008 21805 1 e5 200103818 17616 -1
933 e5 138625715 8959 1 e5 191404460 9592 1 e5 196580865 36092 -1
934 e5 138635115 156534 1 e5 191419918 232835 1 e5 219855448 209064 -1
935 e5 138792450 6487 1 e5 191655713 9532 1 e5 213091537 10906 1
936 e5 138799262 169968 1 e5 164488577 221488 -1 e5 213103274 230324 1
937 e5 139062987 39382 1 e5 194200258 71353 -1 e5 209484414 77655 -1
938 e5 139103916 71863 1 e5 194096138 97078 -1 e5 197369755 96797 -1
939 e5 139246187 226686 1 e5 193618821 268946 -1 e5 193313413 309195 1
940 e5 139482104 226893 1 e5 193298346 319080 -1 e5 201308604 353787 -1
941 e5 139711863 150667 1 e5 183074667 192161 1 e5 195733311 576018 1
942 e5 139863033 153113 1 e5 183270205 218925 1 e5 204680484 181838 -1
943 e5 140043781 49690 1 e5 187151082 51229 1 e5 226649841 66253 1
944 e5 140104094 790980 1 e5 177635212 1003195 -1 e5 202850975 956129 -1
945 e5 140837868 210445 1 e5 177442371 271146 -1 e5 224038484 208548 1
946 e5 141056637 170806 1 e5 175947779 242210 1 e5 193689758 253123 1
947 e5 141227926 181133 1 e5 182340072 287934 -1 e5 227359339 187632 -1
948 e5 141409258 8220 1 e5 182333155 6468 -1 e5 229118894 4720 1
949 e5 141417867 6027 1 e5 182318859 9787 1 e1 11306055 13416 1
950 e5 141443467 155761 1 e5 182099517 199482 -1 e5 229151071 136176 1
951 e5 141607861 42293 1 e5 185526236 50224 -1 e5 227873017 45000 1
952 e5 141681542 115834 1 e5 168633119 62764 1 e5 212242789 170947 -1
953 e5 141807940 110639 1 e5 168726184 116132 1 e5 225828678 169747 1
954 e5 141923294 96257 1 e5 171410139 91406 1 e5 226006232 110528 1
955 e5 142059085 23076 1 e5 180226147 51567 -1 e5 214778991 34485 -1
956 e5 142170610 613888 1 e5 184501381 789947 -1 e5 213788585 872816 -1
957 e5 142810524 222170 1 e5 173320621 336689 1 e5 220461987 328580 -1
958 e5 143149903 260763 1 e5 180840780 453878 -1 e5 228174790 264257 1
959 e5 143421368 183460 1 e5 172969544 282107 1 e5 216133979 236789 -1
960 e5 143945871 87463 1 e5 165655375 113231 1 e5 215585154 115928 -1
961 e5 144036100 144255 1 e5 177023825 178806 1 e5 224454660 170584 -1
962 e5 144216779 51322 1 e5 170993727 48861 1 e5 225246619 51578 1
963 e5 144273237 340940 1 e5 171549012 417113 -1 e5 225313233 462811 1
964 e5 144643278 261985 1 e5 171996394 348275 1 e5 214854584 390902 1
965 e5 144907658 333282 1 e5 192636824 460821 1 e5 197492392 700929 -1
966 e5 145252497 85236 1 e5 193137045 147967 1 e5 201185459 94045 1
967 e5 145427120 234265 1 e5 182628911 315828 -1 e5 227551482 250007 -1
968 e5 145662991 228241 1 e5 176190598 281902 1 e5 193943492 305364 1
969 e5 145910246 3417 1 e5 186668168 21258 1 e5 225168929 5570 1
970 e5 145927219 66753 1 e5 176488001 114563 1 e5 194277746 108379 1
971 e5 146018931 7777 1 e5 176629904 9038 1 e5 224833712 51064 1
972 e5 146140739 752 1 e5 186668168 21258 1 e5 225174638 1538 1
973 e5 146142391 169474 1 e5 176790255 208892 1 e5 194609580 221099 1
974 e5 146314939 19284 1 e5 176999431 22449 1 e5 224667694 20735 -1
975 e5 146353449 239578 1 e5 170372754 259764 1 e5 221871894 364551 -1
976 e5 146629787 44644 1 e5 181316997 57222 -1 e5 197125157 72505 -1
977 e5 146675392 207546 1 e5 183586699 277468 -1 e5 204182888 330197 1
978 e5 146917421 169653 1 e5 170101727 142994 -1 e5 222428146 235739 1
979 e5 147124809 596291 1 e5 167571297 617645 1 e5 218946069 849514 1
980 e5 147758635 382740 1 e5 168215418 401309 1 e5 212432859 654059 -1
981 e5 148222347 17895 1 e5 183863372 77796 1 e5 204158839 19800 -1
982 e5 148242280 68007 1 e5 162580932 94213 1 e5 208363351 93305 1
983 e5 148312662 14141 1 e5 174012247 16488 1 e5 220067676 25934 -1
984 e5 148328465 8202 1 e5 170896264 9392 -1 e5 221328474 7081 1
985 e5 148337190 116585 1 e5 170245066 127447 1 e5 222240595 181281 -1
986 e5 148468951 4594 1 e5 186337462 20764 1 e5 224728983 44116 1
987 e5 148514262 526051 1 e5 185580210 707166 -1 e5 194841328 709784 1
988 e5 149188568 26707 1 e5 181719727 28801 -1 e5 229445824 33292 1
989 e5 149237532 27907 1 e5 181635532 55053 -1 e5 223987895 42890 1
990 e5 149267876 86737 1 e5 181517931 114848 -1 e5 202723074 124353 -1
991 e5 149355743 65153 1 e5 163753999 68982 -1 e5 199082449 80246 1
992 e5 149709403 55208 1 e5 194399912 76572 -1 e5 209674594 77639 -1
993 e5 149770010 191406 1 e5 174775932 234358 -1 e5 205393202 214999 -1
994 e5 149978681 29809 1 e5 184464731 34259 1 e5 226417748 33577 1
995 e5 150013017 28452 1 e5 163989215 44777 -1 e5 226461500 32243 1
996 e5 150605447 13049 1 e5 189463616 14103 1 e5 228584112 10850 -1
997 e5 150660660 27600 1 e5 180590191 31758 1 e5 228499357 47558 -1
998 e5 150771384 47190 1 e5 180765387 48394 1 e5 221626964 88005 1
999 e5 150818808 4558 1 e5 163030865 13456 -1 e5 200094627 6079 1
1000 e5 150825530 49647 1 e5 162992106 36880 -1 e5 196648199 14736 1
1001 e5 150877680 2941 1 e2 147828051 7254 1 e2 41788929 23232 1
1002 e5 150888924 83423 1 e5 162878137 76760 -1 e5 208652842 196253 -1
1003 e5 150993586 44525 1 e5 181424306 55807 1 e5 197275997 81528 1
1004 e5 151075272 224 1 e2 104107890 2290 1 e2 26008946 6359 1
1005 e5 151075272 224 1 e5 181498635 10613 1 e2 26008946 6359 1
1006 e5 151075272 224 1 e5 181498635 10613 1 e5 202716049 1376 1
1007 e5 151085886 33146 1 e5 163825854 39262 1 e5 199030930 51122 -1
1008 e5 151229442 741353 1 e5 161726100 849893 1 e5 207481274 875300 1
1009 e5 151981176 91028 1 e5 178875918 111860 -1 e5 204046690 105017 -1
1010 e5 152292576 138383 1 e5 187282724 186896 1 e5 226782942 160616 1
1011 e5 152431178 111552 1 e5 187469959 161062 1 e5 200247115 152947 1
1012 e5 152555069 212835 1 e5 187652856 277434 1 e5 200424122 304828 1
1013 e5 152768428 106174 1 e5 175726849 128061 1 e5 211683467 288074 -1
1014 e5 152984643 146924 1 e5 177252404 181704 -1 e5 224255816 151167 1
1015 e5 153143132 71570 1 e5 170909618 72333 -1 e5 221214837 95477 1
1016 e5 153398456 427746 1 e5 164763810 425194 -1 e5 198216323 741842 -1
1017 e5 153832145 43849 1 e5 164710909 48532 -1 e5 196706262 67435 1
1018 e5 154034325 96061 1 e5 174075881 127705 1 e5 196311649 179085 -1
1019 e5 154194520 434160 1 e5 174276547 491980 1 e5 204921602 462331 1
1020 e5 154628893 38789 1 e5 184421551 41913 -1 e5 226377718 36799 -1
1021 e5 154668334 372103 1 e5 183948444 472641 -1 e5 205804487 389246 1
1022 e5 155045236 19512 1 e5 178999036 19587 1 e5 206200985 23478 1
1023 e5 155065454 291808 1 e5 188056361 410411 1 e5 227084960 272691 1
1024 e5 155357533 41404 1 e5 188467230 45719 1 e5 229077866 40447 -1
1025 e5 155399193 49440 1 e5 163931482 57365 -1 e5 226497035 53873 1
1026 e5 155498619 52065 1 e5 187090600 53864 1 e5 226596224 51368 1
1027 e5 155552628 20216 1 e5 183519335 27330 1 e5 204555399 58667 -1
1028 e5 155573218 149122 1 e5 170742294 153177 -1 e5 221339554 241683 1
1029 e5 155743827 12755 1 e5 170706672 5357 -1 e5 228447717 12653 -1
1030 e5 155818160 6563 1 e5 170633269 18054 -1 e5 221845486 24805 1
1031 e5 156040389 296774 1 e5 163153936 283374 -1 e5 199618794 287356 1
1032 e5 156418487 15050 1 e5 180813956 13724 1 e5 221716310 20623 1
1033 e5 156562778 2279 1 e5 172709303 115629 1 e5 216628078 20992 1
1034 e5 156641503 11103 1 e3 100006328 2740 1 e3 90362002 1896 1
1035 e5 156723523 9659 1 e5 172511813 11561 -1 e5 216747670 9249 1
1036 e5 156823427 40384 1 e5 172388774 29630 -1 e5 215298106 51793 -1
1037 e5 156864742 12030 1 e5 175391064 13223 -1 e5 226213512 34319 1
1038 e5 156883376 488 1 e1 15536672 464 1 e1 12634652 11514 1
1039 e5 156883376 488 1 e2 115083320 413 1 e1 12634652 11514 1
1040 e5 156929962 98923 1 e5 175225096 104983 -1 e5 226285896 91384 1
1041 e5 157029811 139072 1 e5 175060990 163633 -1 e5 205653625 142040 -1
1042 e5 157265306 50084 1 e5 194546919 57484 1 e5 209820455 66695 1
1043 e5 157317293 250094 1 e5 189520615 382490 1 e5 209890988 327806 1
1044 e5 157580811 13798 1 e5 199295781 19888 -1 e5 190279986 12977 1
1045 e5 157612229 53032 1 e5 198053600 39325 -1 e5 201107619 46247 1
1046 e5 157780392 210654 1 e5 197821450 230424 -1 e5 192310595 331764 -1
1047 e5 158000188 53145 1 e5 175406800 83919 1 e5 226148829 62295 -1
1048 e5 158060522 31824 1 e5 175497196 26487 1 e5 212194336 32984 -1
1049 e5 158190653 56689 1 e5 175651615 71156 1 e5 211977109 67878 1
1050 e5 158250635 19430 1 e5 187930732 20977 1 e5 211618920 38882 -1
1051 e5 158887445 54989 1 e5 190445922 45151 -1 e5 210802433 65664 -1
1052 e5 158999556 85281 1 e5 164342232 143710 1 e5 213336976 109138 -1
1053 e5 159085248 15934 1 e5 173996205 15599 -1 e5 220094156 18910 1
1054 e5 159433951 374552 1 e5 189945672 402837 1 e5 210222629 469891 1
1055 e5 159868671 62294 1 e5 197733001 68389 -1 e5 192245600 59180 -1
1056 e5 159937098 106988 1 e5 195295314 88677 1 e5 200716913 128749 -1
1057 e5 160044485 429979 1 e5 195384620 461701 1 e5 201725250 576016 1
1058 e5 160577651 181800 1 e5 198425143 224428 -1 e5 189993980 280195 1
1059 e5 160786197 74641 1 e5 191821349 27242 -1 e5 196983385 47042 -1
1060 e5 160932937 1789 1 e4 16699519 5798 1 e2 41033279 4752 1
1061 e5 161466095 454001 1 e5 179021764 531521 -1 e5 206225973 507009 -1
1062 e5 161922294 85748 1 e5 187957487 96422 -1 e5 226944195 135573 -1
1063 e5 162012341 99018 1 e5 191243144 108715 1 e5 200121763 114783 -1
1064 e5 162111905 5334 1 e5 186731503 5451 1 e5 225228223 12369 1
1065 e5 162248139 138993 1 e5 186883126 134581 1 e5 220878100 219534 -1
1066 e5 162391275 26476 1 e5 173255136 32332 1 e5 220831072 41394 -1
1067 e5 162422583 109285 1 e5 164086363 119429 1 e5 213623569 97946 -1
1068 e5 162540965 636 1 e5 181834946 746 1 e5 229411090 18303 1
1069 e5 162684203 916 1 e3 96619792 2180 1 e1 10676545 1186 1
1070 e5 162688355 21237 1 e5 172347836 17446 -1 e5 215250423 55914 -1
1071 e5 162713182 436817 1 e5 191914991 505024 -1 e5 208864178 598361 1
1072 e5 163209331 1825 1 e5 187622209 8812 1 e5 200399479 583 1
1073 e5 163333528 5421 1 e5 181834946 746 1 e5 229411090 18303 1
1074 e5 163398877 118903 1 e5 195851245 90783 -1 e5 202338849 98356 -1
1075 e5 163552069 19399 1 e5 196952904 16738 1 e5 189664182 97163 1
1076 e5 163754738 164076 1 e5 197122826 142093 1 e5 189017903 242468 -1
1077 e5 164105789 109652 1 e5 197450356 136784 1 e5 190976872 120795 1
1078 e5 164393433 13323 1 e5 197714150 16228 1 e5 191387153 7953 -1
1079 e5 164407002 261546 1 e5 194931356 338488 -1 e5 191151451 234876 -1
1080 e5 164668786 68532 1 e5 194846633 83689 -1 e5 191503088 67600 1
1081 e5 164803144 748288 1 e5 196180526 644270 -1 e5 191635275 609324 1
1082 e5 165561041 1504168 1 e5 198109372 190429 -1 e5 200861056 223722 1
1083 e5 167066165 460116 1 e5 198751987 502239 -1 e5 190293223 461001 1
1084 e5 167527257 54121 1 e5 199340278 90180 1 e5 190763418 60723 1
1085 e5 167910097 223932 1 e3 102753317 366304 1 e3 89389651 258710 -1
1086 e5 168189041 71794 1 e4 60051369 300575 -1 e3 88674622 203275 -1
1087 e5 168258347 160604 1 e4 60367735 415313 1 e3 88118480 559095 -1
1088 e5 168421221 232892 1 e4 59544863 431603 -1 e3 88940413 376779 1
1089 e5 168851410 30448 1 e4 60908645 67382 1 e3 87796333 44672 -1
1090 e5 169167105 15634 1 e3 88422003 21360 -1 e3 94438903 30080 1
1091 e5 170254092 17456 1 e3 89479917 58223 -1 e3 93065693 80476 1
1092 e5 170279370 54429 1 e4 60014501 9330 -1 e3 88908417 13451 1
