# Options:
# Macrorearrangements
>genome1
# Chromosome e1
1 2 3 4 5 6 7 8 9 10 11 12 13 14 15 16 17 18 19 20 21 22 23 24 25 26 27 28 29 30 31 32 33 34 35 36 37 38 39 40 41 42 43 44 45 46 47 48 49 50 51 52 53 54 55 56 57 58 59 60 61 62 63 64 65 66 67 68 69 70 71 72 73 74 75 76 77 78 79 80 81 82 83 84 85 86 87 88 89 90 91 92 93 94 95 96 97 98 99 100 101 102 103 104 105 106 107 108 109 110 111 112 113 114 115 116 117 118 119 120 121 122 123 124 125 126 127 128 129 130 131 132 133 134 135 136 137 138 139 140 141 142 143 144 145 146 147 148 149 150 151 152 153 154 155 156 $
# Chromosome e2
157 158 159 160 161 162 163 164 165 166 167 168 169 170 171 172 173 174 175 176 177 178 179 180 181 182 183 184 185 186 187 188 189 190 191 192 193 194 195 196 197 198 199 200 201 202 203 204 205 206 207 208 209 210 211 212 213 214 215 216 217 218 219 220 221 222 223 224 225 226 227 228 229 230 231 232 233 234 235 236 237 238 239 240 241 242 243 244 245 246 247 248 249 250 251 252 253 254 255 256 257 258 259 260 261 262 263 264 265 266 267 268 269 270 271 272 273 274 275 276 277 278 279 280 281 282 283 284 285 286 287 288 289 290 291 292 293 294 295 296 297 298 299 300 301 302 303 304 305 306 307 308 309 310 311 312 313 314 315 316 317 318 319 320 321 322 323 324 325 326 327 328 329 330 331 332 333 334 335 336 337 338 339 340 341 342 343 344 345 346 347 348 349 350 351 352 353 354 355 356 357 358 359 360 361 362 363 364 365 366 367 368 369 370 371 372 373 374 375 376 377 378 379 380 381 $
# Chromosome e3
382 383 384 385 386 387 388 389 390 391 392 393 394 395 396 397 398 399 400 401 402 403 404 405 406 407 408 409 410 411 412 413 414 415 416 417 418 419 420 421 422 423 424 425 426 427 428 429 430 431 432 433 434 435 436 437 438 439 440 441 442 443 444 445 446 447 448 449 450 451 452 453 454 455 456 457 458 459 460 461 462 463 464 465 466 467 468 469 470 471 472 473 474 475 476 477 478 479 480 481 482 483 484 485 486 487 488 489 490 491 492 493 494 495 496 497 498 499 500 501 502 503 504 505 506 507 508 509 510 511 512 513 514 515 516 517 518 519 520 521 522 523 524 525 526 527 528 529 530 531 532 533 534 535 536 537 538 539 540 541 542 543 544 545 546 547 548 549 550 551 552 553 554 $
# Chromosome e4
555 556 557 558 559 560 561 562 563 564 565 566 567 568 569 570 571 572 573 574 575 576 577 578 579 580 581 582 583 584 585 586 587 588 589 590 591 592 593 594 595 596 597 598 599 600 601 602 603 604 605 606 607 608 609 610 611 612 613 614 615 616 617 618 619 620 621 622 623 624 625 626 627 628 629 630 631 632 633 634 635 636 637 638 639 640 641 642 643 644 645 646 647 648 649 650 651 652 653 654 655 656 657 658 659 660 661 662 663 664 665 666 667 668 669 670 671 672 673 674 675 676 677 678 679 680 681 682 683 684 685 686 687 688 689 690 691 692 693 694 695 696 697 698 699 700 701 702 703 704 705 706 707 708 709 710 711 712 713 714 715 716 717 718 719 720 721 722 723 724 725 726 727 $
# Chromosome e5
728 729 730 731 732 733 734 735 736 737 738 739 740 741 742 743 744 745 746 747 748 749 750 751 752 753 754 755 756 757 758 759 760 761 762 763 764 765 766 767 768 769 770 771 772 773 774 775 776 777 778 779 780 781 782 783 784 785 786 787 788 789 790 791 792 793 794 795 796 797 798 799 800 801 802 803 804 805 806 807 808 809 810 811 812 813 814 815 816 817 818 819 820 821 822 823 824 825 826 827 828 829 830 831 832 833 834 835 836 837 838 839 840 841 842 843 844 845 846 847 848 849 850 851 852 853 854 855 856 857 858 $
>genome2
# Chromosome e1
670 76 4 156 -3 96 78 60 818 120 -49 51 -87 -18 -141 117 -31 16 -1 -42 -99 19 149 -95 -91 39 -5 -41 105 -730 73 -30 137 -24 -142 12 -25 -152 -93 104 94 -23 58 704 -8 -153 -110 -13 -77 29 -115 -68 -125 -40 -56 11 -74 47 7 -44 53 -370 15 22 155 -103 -154 90 -88 -50 33 -119 -65 -63 -144 70 -59 -52 28 -14 135 82 97 118 -69 -114 111 -80 112 138 113 139 -54 128 89 -102 72 55 79 132 146 -145 -21 26 -133 -130 35 -43 -84 45 -67 -20 85 -122 129 -17 124 -98 -151 -2 -134 9 136 -46 -140 266 -123 -86 -6 -127 81 109 -100 -143 71 38 -148 -61 -116 126 32 -92 27 48 -57 -121 108 -107 37 488 -64 -75 -66 $
# Chromosome e2
-157 -162 792 -161 166 165 -160 192 212 -223 184 -225 -302 -219 -193 -211 220 -261 333 -297 -215 150 -214 284 241 -324 295 -167 -164 282 201 -340 -275 -227 -259 -362 -373 197 175 177 176 178 -172 299 181 218 36 289 -287 195 819 34 -300 -180 -262 -355 -328 327 -268 -313 248 307 221 -280 240 -179 -343 -352 -308 -335 -237 424 -236 356 187 189 188 190 -169 -199 -182 -217 159 -191 170 207 186 357 321 -271 -350 -292 -316 -265 -252 251 -293 255 -338 -198 315 229 325 -249 -341 -168 296 216 163 286 -194 -329 -354 -309 -270 -351 -202 339 -205 173 -367 246 208 -344 -204 319 258 274 228 -210 203 -318 366 459 -245 330 306 369 371 -310 -353 -342 -368 174 -314 332 -290 -244 -264 305 331 694 -267 232 364 317 365 -291 -263 285 -281 222 -183 -337 346 789 276 -322 -273 312 -247 -185 226 -304 376 278 349 -254 360 257 320 358 -260 363 233 -347 206 171 298 334 239 -279 -348 234 -374 256 361 200 283 -213 224 303 -375 235 336 -345 678 209 -311 372 -196 301 243 253 -359 231 -242 230 323 -294 -250 326 269 272 277 377 $
# Chromosome e3
435 449 452 450 453 10 -428 -503 526 -543 -415 399 403 413 419 -414 -412 -392 815 -432 -444 451 -443 -417 -389 -384 509 -442 455 852 -434 -465 -528 -401 -513 508 504 475 511 147 512 -507 -463 -383 -856 388 385 -857 -387 -477 486 524 -541 468 470 472 407 469 585 473 423 -448 -397 395 531 538 -523 532 458 460 530 396 -527 544 546 -548 -495 843 -494 518 426 391 433 466 -386 -462 506 404 -502 -390 456 447 398 400 514 -440 -421 446 -408 -406 -505 -474 436 402 437 464 529 410 -430 521 533 83 534 -479 483 572 484 -539 487 490 492 476 -485 510 493 -517 131 -516 461 -405 -525 542 394 438 427 418 420 -445 -431 -409 457 522 -537 -519 439 422 393 416 540 -467 478 -482 441 -454 429 -520 -536 -500 553 -497 552 -499 -481 565 -480 535 501 -425 -411 -515 -498 -554 -496 -547 549 551 $
# Chromosome e4
-721 719 835 720 722 158 723 692 -662 -705 -703 618 638 -685 699 -576 644 683 -712 -653 637 619 -686 680 560 681 -688 610 620 582 621 -624 583 622 626 625 584 623 627 -698 -633 -696 695 -693 663 -726 690 725 646 -651 711 654 616 635 -715 -588 717 -709 643 605 -664 581 586 -612 573 -611 687 676 545 677 -591 590 594 -658 639 641 566 -577 -655 -615 561 650 -710 675 -602 727 -718 -674 -647 491 665 607 -569 -579 -659 595 -700 -563 -570 652 716 -587 -724 593 -589 -714 617 -702 288 -701 596 628 672 -630 567 62 568 -667 661 706 600 598 550 599 707 640 657 -656 564 642 -708 562 571 574 -613 -645 713 -634 -697 684 609 603 -668 -649 660 -614 575 -604 669 671 629 578 -648 673 631 489 632 -682 689 691 -592 679 -666 -606 597 601 -580 -559 471 -558 555 -379 556 378 -380 -381 -557 -854 -858 -382 853 855 $
# Chromosome e5
-851 -822 -833 849 -831 -823 -850 832 -848 -845 762 -742 -783 821 830 -827 826 838 740 -834 -749 -780 769 738 765 767 739 839 809 744 797 846 798 825 -837 806 238 807 787 813 -755 101 -754 -771 791 -781 842 847 -748 608 636 -747 -763 743 810 -772 775 -804 785 -752 761 -844 -816 814 756 840 753 -829 777 803 -784 -820 -817 824 799 746 764 766 768 758 106 -800 -745 796 -795 805 -836 794 776 -790 -788 -812 -782 793 -808 -786 841 828 -741 -802 757 -737 774 750 -734 -732 733 -731 -729 -736 -773 779 770 -811 -778 -801 759 728 -735 751 -760 $
