# Groups of blocks with identical compressed anchor permutations
group with 543 blocks of length 1: 3 4 5 6 10 12 13 19 20 22 23 25 27 28 29 30 32 37 39 41 42 45 46 51 53 54 57 58 59 60 62 63 64 66 67 68 69 71 73 74 75 77 79 84 88 89 91 92 93 94 95 96 97 98 100 101 102 103 105 106 107 108 109 112 113 114 115 116 117 119 120 121 122 123 124 126 127 130 131 132 133 134 135 136 137 139 141 142 143 145 149 150 151 153 154 158 159 160 163 165 167 168 169 171 172 173 174 176 178 180 182 186 187 188 190 191 193 195 197 198 201 202 203 204 206 210 211 216 219 222 224 225 226 227 230 231 232 233 234 235 237 239 241 243 245 247 248 251 252 257 258 262 263 265 266 267 269 271 272 273 274 276 278 279 280 281 283 284 285 294 296 306 308 309 310 314 315 316 317 318 319 321 324 325 328 330 331 332 337 342 343 344 345 346 347 350 351 353 354 357 361 362 363 364 366 376 377 378 385 386 387 393 397 398 399 400 401 402 403 404 409 411 413 417 421 422 426 428 429 430 431 433 434 435 439 440 441 442 451 452 454 455 456 458 462 465 466 468 469 470 472 473 475 476 478 479 480 481 482 483 484 485 488 491 496 497 499 500 501 502 508 509 511 513 516 517 520 521 525 526 527 528 530 532 535 536 540 546 548 549 552 554 555 556 557 558 559 560 561 566 569 570 571 573 575 576 578 583 584 586 587 591 593 597 598 603 605 609 610 613 615 616 618 620 622 626 627 629 631 632 633 635 636 637 638 641 643 644 646 647 648 649 651 652 654 655 657 658 660 661 663 664 668 669 670 673 677 679 681 683 689 691 693 694 695 696 697 698 700 701 715 716 718 719 721 722 726 735 740 741 742 743 744 751 752 753 755 760 761 762 764 766 767 768 769 770 771 772 773 776 777 787 798 799 802 803 805 810 812 814 816 818 819 820 821 822 824 827 829 831 832 833 834 842 843 844 845 846 847 848 851 853 855 857 860 861 863 865 868 875 880 890 892 893 895 897 899 901 902 903 904 905 908 909 914 915 916 918 920 921 924 927 929 931 932 933 935 937 941 943 948 951 952 954 957 959 960 962 966 968 970 972 974 976 977 982 983 984 985 988 989 991 992 993 994 995 996 997 998 999 1001 1003 1007 1012 1014 1017 1019 1020 1021 1022 1024 1025 1026 1029 1030 1032 1035 1037 1041 1042 1044 1045 1047 1048 1050 1053 1054 1055 1056 1059 1063 1064 1066 1067 1075 1076 1077 1078 1079 1082 1089 1090 1092
group with 132 blocks of length 2: 8 9 11 15 24 26 31 33 34 40 43 47 48 49 52 56 65 70 78 85 86 104 125 140 144 146 175 177 179 183 184 194 208 209 215 236 270 277 282 295 300 307 312 326 334 349 352 358 367 369 372 379 382 392 395 396 436 448 450 459 471 477 487 490 493 506 507 510 519 522 531 541 542 544 565 577 579 582 585 588 592 599 612 630 675 678 682 688 690 702 723 725 728 730 731 733 739 778 780 782 784 785 789 791 793 794 808 826 836 840 849 852 856 867 884 887 910 923 949 978 986 1000 1004 1006 1033 1034 1036 1038 1060 1069 1070 1091
group with 102 blocks of length 3: 1 7 21 38 44 55 61 76 81 83 90 99 128 138 148 196 217 240 242 253 288 292 299 301 305 311 327 336 370 375 380 383 388 406 407 412 414 423 425 432 444 445 447 457 464 486 515 533 539 550 596 604 606 607 619 621 653 662 672 674 685 703 705 724 727 747 749 779 781 790 796 797 804 811 813 823 825 828 835 841 854 858 864 870 872 891 896 922 925 950 961 963 965 975 1002 1010 1011 1023 1028 1039 1058 1080
group with 118 blocks of length 4: 14 16 17 18 35 50 72 80 87 110 111 162 166 185 189 200 205 212 213 223 249 254 256 261 286 290 291 293 297 303 304 320 323 329 339 340 348 355 356 365 368 371 373 381 390 394 410 419 424 443 460 461 474 492 495 498 503 524 534 538 543 545 547 562 563 564 580 581 595 602 611 639 671 680 717 729 738 748 750 754 759 763 775 783 792 815 830 837 866 869 871 876 879 885 889 898 919 934 936 940 946 955 964 971 979 980 1005 1008 1009 1015 1040 1051 1057 1072 1081 1084 1085 1086
group with 43 blocks of length 5: 82 118 129 164 238 298 302 313 374 384 418 437 446 449 489 504 512 537 551 553 589 594 642 676 699 745 746 774 807 859 877 888 945 947 981 990 1013 1027 1043 1068 1073 1087 1088
group with 37 blocks of length 6: 36 157 161 181 192 207 244 246 259 268 275 287 322 335 427 438 463 494 505 572 608 650 656 659 684 732 734 757 786 788 900 917 969 987 1018 1049 1065
group with 31 blocks of length 7: 2 152 156 199 220 221 250 341 391 420 523 624 625 666 692 756 758 795 801 809 850 862 886 906 911 926 938 958 1062 1071 1083
group with 21 blocks of length 8: 214 360 416 453 567 574 600 623 640 707 709 711 713 720 765 806 939 942 953 1052 1074
group with 18 blocks of length 9: 147 155 218 289 338 359 405 568 667 736 838 839 913 930 956 967 1031 1061
group with 6 blocks of length 10: 228 514 817 894 973 1016
group with 6 blocks of length 11: 229 389 874 883 928 1046
group with 4 blocks of length 12: 170 255 333 665
group with 9 blocks of length 13: 529 628 645 687 737 800 881 882 944
group with 3 blocks of length 14: 260 415 878
group with 3 blocks of length 15: 264 467 912
group with 5 blocks of length 16: 408 704 710 873 907
group with 1 block of length 17: 518
group with 1 block of length 18: 614
group with 1 block of length 27: 634
group with 1 block of length 29: 590
group with 1 block of length 32: 617
group with 2 blocks of length 40: 706 712
group with 1 block of length 51: 601
group with 1 block of length 71: 686
group with 2 blocks of length 104: 708 714
