# genome1: genome1
# genome2: genome2
# genome3: genome3
# block_id genome1_chr genome1_start genome1_len genome1_sign genome2_chr genome2_start genome2_len genome2_sign genome3_chr genome3_start genome3_len genome3_sign
1 e5 101997982 31048 1 e5 171074400 61432 1 e5 229587795 73031 1
2 e5 102046644 514969 1 e5 169030442 646158 -1 e5 222588202 916471 1
3 e5 102590829 26027 1 e5 168968001 27164 -1 e5 229081812 26659 1
4 e5 102811056 34839 1 e5 168679490 48469 -1 e5 229695719 209055 -1
5 e5 102850887 63150 1 e5 171151730 87206 -1 e5 229681158 37287 -1
6 e5 103178920 1307957 1 e5 165722016 1598654 -1 e5 216348923 2068669 -1
7 e5 104487292 91059 1 e5 165604046 101152 -1 e5 215056144 98086 1
8 e5 104693705 135078 1 e5 186369658 194103 1 e5 224626272 184802 1
9 e5 104830125 13258 1 e5 191185639 21805 1 e5 199688385 17616 -1
10 e5 104900430 122094 1 e5 191292054 182744 1 e5 219449203 174322 -1
11 e5 105038628 158095 1 e5 164336101 206595 -1 e5 212687841 216378 1
12 e5 105391618 23527 1 e5 193928769 47458 -1 e5 196954322 28427 -1
13 e5 105485553 63368 1 e5 193652867 67531 -1 e5 192897980 126779 1
14 e5 106241975 13537 1 e5 183313388 8373 1 e5 204265051 6940 -1
15 e5 106424821 709619 1 e5 177467843 887924 -1 e5 202435542 864952 -1
16 e5 107138941 148738 1 e5 177275002 189749 -1 e5 223625786 205813 1
17 e5 107296003 18897 1 e5 175780410 24182 1 e5 193274325 24375 1
18 e5 107480774 37738 1 e5 182372492 69603 -1 e5 227084307 37440 -1
19 e5 107692745 126727 1 e5 181950916 168779 -1 e5 228743910 114052 1
20 e5 107847227 39575 1 e5 185358867 50224 -1 e5 227457584 45000 1
21 e5 107927080 43008 1 e5 168471582 46214 1 e5 211910876 77855 -1
22 e5 108051914 88519 1 e5 168561216 92592 1 e5 225415948 140774 1
23 e5 108162660 96257 1 e5 171242770 91406 1 e5 225590799 110528 1
24 e5 108962409 61455 1 e5 184334012 110449 -1 e5 213373152 137452 -1
25 e5 109389269 230181 1 e5 180719977 407312 -1 e5 227759357 234868 1
26 e5 109683932 150412 1 e5 172834849 240831 1 e5 215732404 191126 -1
27 e5 110255746 16954 1 e5 165570384 30853 1 e5 215169721 25705 -1
28 e5 110315843 101150 1 e5 176910097 121885 1 e5 224042848 117484 -1
29 e5 110690426 115158 1 e5 171456003 136111 -1 e5 225111227 184407 1
30 e5 111147024 323515 1 e5 192469455 447177 1 e5 197093294 684594 -1
31 e5 111676347 114272 1 e5 182608618 154706 -1 e5 227256268 114898 -1
32 e5 111902357 592274 1 e5 176023229 749824 1 e5 193528059 867446 1
33 e5 112622734 209659 1 e5 170234392 230757 1 e5 221456461 327372 -1
34 e5 113364175 596291 1 e5 167403928 617645 1 e5 218530636 849514 1
35 e5 113998001 201817 1 e5 168048049 212922 1 e5 212296344 375141 -1
36 e5 114466981 12627 1 e5 183764155 9644 1 e5 203743406 13670 -1
37 e5 114481646 11052 1 e5 162413563 32239 1 e5 207947918 36923 1
38 e5 114552028 14141 1 e5 173844878 16488 1 e5 219652243 25934 -1
39 e5 114576556 116585 1 e5 170077697 127447 1 e5 221825162 181281 -1
40 e5 114753628 511165 1 e5 185427729 692278 -1 e5 194425895 688568 1
41 e5 115427934 26707 1 e5 181552358 28801 -1 e5 229030391 33292 1
42 e5 115507242 86737 1 e5 181350562 114848 -1 e5 202307641 124353 -1
43 e5 116015820 184962 1 e5 174608563 229468 -1 e5 204977769 209984 -1
44 e5 116221116 26740 1 e5 184299611 32010 1 e5 226004374 31518 1
45 e5 116844813 13049 1 e5 189296247 14103 1 e5 228168679 10850 -1
46 e5 116902219 25407 1 e5 180422854 31726 1 e5 228083924 44650 -1
47 e5 117133263 46923 1 e5 162721125 61165 -1 e5 208365922 62734 -1
48 e5 117644242 174009 1 e5 161725656 194876 1 e5 207261445 181003 1
49 e5 118531942 137666 1 e5 187115355 186196 1 e5 226367509 159917 1
50 e5 118670544 336726 1 e5 187302590 460331 1 e5 199831682 459628 1
51 e5 119224009 120925 1 e5 177130525 136214 -1 e5 223840383 122697 1
52 e5 119441360 12708 1 e5 170742249 14662 -1 e5 220886005 8876 1
53 e5 119652708 412860 1 e5 164596441 411701 -1 e5 197800890 719151 -1
54 e5 120076383 38977 1 e5 164543540 42827 -1 e5 196297392 60872 1
55 e5 120334118 35634 1 e5 174025890 10327 1 e5 195896216 24089 -1
56 e5 120538189 329857 1 e5 174217360 383798 1 e5 204624142 344358 1
57 e5 120900289 6759 1 e5 184254182 8481 -1 e5 225962285 8666 -1
58 e5 121154751 97114 1 e5 183819301 146349 -1 e5 205645311 104327 1
59 e5 121640697 47302 1 e5 163764113 55509 -1 e5 226082643 52832 1
60 e5 121812584 143314 1 e5 170574925 153177 -1 e5 220924121 241683 1
61 e5 122279755 97691 1 e5 163177278 92663 -1 e5 199203361 93145 1
62 e5 123074767 15929 1 e5 172224527 16427 -1 e5 214901285 17945 -1
63 e5 123106169 160131 1 e5 175059870 175103 -1 e5 225799919 159918 1
64 e5 123295126 113123 1 e5 174893621 119950 -1 e5 205238192 113292 -1
65 e5 123512358 41176 1 e5 194388278 48187 1 e5 209412634 59083 1
66 e5 123631278 64930 1 e5 189539020 94706 1 e5 209574046 107228 1
67 e5 124024447 205965 1 e5 197654081 223949 -1 e5 191895162 299292 -1
68 e5 124242689 7365 1 e5 175243884 8589 1 e5 225787397 4467 -1
69 e5 124299888 28769 1 e5 175329827 24373 1 e5 211784174 27713 -1
70 e5 125126811 54989 1 e5 190278553 45151 -1 e5 210387000 65664 -1
71 e5 125247717 76486 1 e5 164195146 123427 1 e5 212921543 86854 -1
72 e5 125324614 15934 1 e5 173828836 15599 -1 e5 219678723 18910 1
73 e5 125684986 362883 1 e5 189786130 395010 1 e5 209871544 405543 1
74 e5 126108037 60283 1 e5 197568568 65453 -1 e5 191832099 57248 -1
75 e5 126233013 34821 1 e5 195170458 29762 1 e5 200318364 53832 -1
76 e5 126283851 341325 1 e5 195217251 346777 1 e5 201309817 388434 1
77 e5 126889195 12442 1 e5 198332552 12680 -1 e5 189688383 64961 1
78 e5 127039809 60395 1 e5 191653980 18534 -1 e5 196567952 21758 -1
79 e5 127756351 191894 1 e5 179102912 230425 -1 e5 206050981 209519 -1
80 e5 128051119 4448 1 e5 178968179 11078 -1 e5 205941168 4004 1
81 e5 128927721 21237 1 e5 172180467 17446 -1 e5 214834990 55914 -1
82 e5 128952548 325246 1 e5 191859958 392688 -1 e5 208448745 452550 1
83 e5 130023751 134429 1 e5 196992924 104626 1 e5 188602470 184427 -1
84 e5 130428916 16077 1 e5 197375931 33039 1 e5 190657902 16197 1
85 e5 130632799 13323 1 e5 197546781 16228 1 e5 190971720 7953 -1
86 e5 130648662 50993 1 e5 195010227 89246 -1 e5 190881395 86309 -1
87 e5 130947471 18029 1 e5 194694307 34090 -1 e5 191112502 28647 1
88 e5 131675301 115497 1 e5 196013157 112306 -1 e5 191657195 171971 1
89 e5 131800407 111878 1 e5 198024207 108225 -1 e5 200445623 126325 1
90 e5 133612904 123772 1 e5 198614282 126562 -1 e5 190128490 154067 1
