# Options:
# Macrorearrangements
>genome1
# Chromosome e5
1 2 3 4 5 6 7 8 9 10 11 12 13 14 15 16 17 18 19 20 21 22 23 24 25 26 27 28 29 30 31 32 33 34 35 36 37 38 39 40 41 42 43 44 45 46 47 48 49 50 51 52 53 54 55 56 57 58 59 60 61 62 63 64 65 66 67 68 69 70 71 72 73 74 75 76 77 78 79 80 81 82 83 84 85 86 87 88 89 90 $
>genome2
# Chromosome e5
48 37 -47 -61 -59 71 -11 -54 -53 27 -7 -6 34 35 21 22 -4 -3 -2 39 33 -60 -52 1 -5 23 -29 -81 -62 26 -72 38 55 56 -43 -64 -63 68 69 17 32 28 -51 -16 -15 -80 -79 46 -25 -42 -41 -19 -18 -31 14 36 -58 -57 44 -24 -20 -40 8 49 50 45 66 73 -70 9 10 -78 -82 30 -13 -12 65 -87 -86 75 76 -88 83 84 85 -74 -67 -89 -77 -90 $
>genome3
# Chromosome e5
-83 77 90 84 -86 -85 87 88 -74 -67 13 17 32 40 -55 54 -78 -12 -30 -53 61 -9 50 -75 89 76 -42 -15 -36 -14 56 -43 -64 58 80 -79 48 37 -47 82 65 66 73 -70 -69 -21 -35 11 -71 -24 -81 -62 7 -27 -26 -6 34 -10 -38 72 52 60 -33 -39 2 16 51 -28 8 29 22 23 -68 63 -57 44 59 49 -18 -31 20 25 -46 -45 19 41 3 1 -5 -4 $
