-1 e5 101997982 31048 1 e5 171074400 61432 1 e5 229587795 73031 1
1 e5 101997982 4346 1 e5 171074400 5017 1 e5 229587795 1742 1
1 e5 102022074 3290 1 e5 171128144 2288 1 e5 229652767 2145 1
1 e5 102026873 2157 1 e5 171133121 2711 1 e5 229658542 2284 1
-2 e5 102046644 514969 1 e5 169030442 646158 -1 e5 222588202 916471 1
1 e5 102046644 3572 1 e5 169675525 1075 -1 e5 222588202 1060 1
1 e5 102059334 5640 1 e5 169656504 8853 -1 e5 222602499 11990 1
1 e5 102066474 1261 1 e5 169652833 3613 -1 e5 222618523 2283 1
1 e5 102068569 3511 1 e5 169647626 4375 -1 e5 222622871 7437 1
1 e5 102152341 2654 1 e5 169551358 2680 -1 e5 222765582 2731 1
1 e5 102164995 2864 1 e5 169537375 1457 -1 e5 222785853 1454 1
1 e5 102322874 1062 1 e5 169349695 1201 -1 e5 223086195 956 1
1 e5 102324186 944 1 e5 169348222 1106 -1 e5 223087424 985 1
1 e5 102325425 951 1 e5 169347010 986 -1 e5 223090582 916 1
1 e5 102344927 6294 1 e5 169294218 2104 -1 e5 223129626 1629 1
1 e5 102352863 3634 1 e5 169281341 12653 -1 e5 223133705 12095 1
1 e5 102371213 11815 1 e5 169263686 2234 -1 e5 223178338 3577 1
1 e5 102395722 2676 1 e5 169238191 5642 -1 e5 223209795 3938 1
1 e5 102441226 11180 1 e5 169168947 13498 -1 e5 223313711 13270 1
1 e5 102463324 6467 1 e5 169146725 7649 -1 e5 223349675 7607 1
1 e5 102478373 10219 1 e5 169124563 12570 -1 e5 223371007 2565 1
1 e5 102492324 10416 1 e5 169111438 9423 -1 e5 223391512 1927 1
1 e5 102515710 539 1 e5 169081299 631 -1 e5 223433245 831 1
1 e5 102517167 1105 1 e5 169079061 1273 -1 e5 223435129 1124 1
1 e5 102518480 5120 1 e5 169073573 5373 -1 e5 223437843 3905 1
1 e5 102555016 6597 1 e5 169030442 15302 -1 e5 223491562 13111 1
-3 e5 102590829 26027 1 e5 168968001 27164 -1 e5 229081812 26659 1
1 e5 102590829 9392 1 e5 168990685 4480 -1 e5 229081812 4013 1
1 e5 102612449 4407 1 e5 168968001 4506 -1 e5 229106350 2121 1
-4 e5 102811056 34839 1 e5 168679490 48469 -1 e5 229695719 209055 -1
1 e5 102811056 11102 1 e5 168709696 18263 -1 e5 229883335 14947 1
1 e5 102824211 2780 1 e5 168700877 4866 -1 e5 229902846 1928 1
2 e5 102829794 5140 1 e5 168692387 6944 -1 e5 229785794 1787 -1
3 e5 102839884 6011 1 e5 168679490 7512 -1 e5 229695719 6010 1
-5 e5 102850887 63150 1 e5 171151730 87206 -1 e5 229681158 37287 -1
1 e5 102850887 1542 1 e5 171237263 1673 -1 e5 229710930 1502 1
1 e5 102854478 3440 1 e5 171229287 6561 -1 e5 229714902 3543 1
2 e5 102913005 1032 1 e5 171151730 1352 -1 e5 229681158 1382 -1
-6 e5 103178920 1307957 1 e5 165722016 1598654 -1 e5 216348923 2068669 -1
1 e5 103178920 2294 1 e5 167319068 1602 -1 e5 218415965 1627 -1
1 e5 103181687 1990 1 e5 167316954 1785 -1 e5 218413817 1711 -1
1 e5 103183907 1512 1 e5 167311183 5516 -1 e5 218411980 1507 -1
1 e5 103240481 359 1 e5 167245389 359 -1 e5 218323990 571 -1
1 e5 103480024 566 1 e5 166929283 563 -1 e5 217967390 560 -1
1 e5 103486824 3621 1 e5 166919869 2024 -1 e5 217951600 3617 -1
1 e5 103512924 8711 1 e5 166865740 48460 -1 e5 217870622 56973 -1
1 e5 103556356 3741 1 e5 166842503 22632 -1 e5 217838807 3017 -1
1 e5 103636742 5705 1 e5 166749921 19658 -1 e5 217729673 16200 -1
1 e5 103696970 1951 1 e5 166683285 2027 -1 e5 217658643 1948 -1
1 e5 103701522 1984 1 e5 166655111 25045 -1 e5 217653648 1985 -1
1 e5 103841807 932 1 e5 166471762 30299 -1 e5 217449206 1034 -1
1 e5 103892419 2414 1 e5 166433728 2952 -1 e5 217365513 3057 -1
1 e5 103895904 776 1 e5 166415753 16802 -1 e5 217363650 838 -1
1 e5 104462612 4296 1 e5 165732737 15812 -1 e5 216364724 14059 -1
1 e5 104470984 15893 1 e5 165722016 4982 -1 e5 216348923 10512 -1
-7 e5 104487292 91059 1 e5 165604046 101152 -1 e5 215056144 98086 1
1 e5 104487292 3000 1 e5 165698525 6673 -1 e5 215056144 2530 1
1 e5 104573547 4804 1 e5 165604046 5290 -1 e5 215149558 4672 1
-8 e5 104693705 135078 1 e5 186369658 194103 1 e5 224626272 184802 1
1 e5 104693705 1142 1 e5 186369658 1404 1 e5 224626272 1513 1
1 e5 104696893 1734 1 e5 186373250 2861 1 e5 224630463 2075 1
1 e5 104723321 4916 1 e5 186409544 17988 1 e5 224680601 2550 1
1 e5 104746308 3502 1 e5 186439959 2129 1 e5 224701587 2858 1
1 e5 104752834 1602 1 e5 186449484 1488 1 e5 224708761 1430 1
1 e5 104825714 3069 1 e5 186559188 4573 1 e5 224807924 3150 1
-9 e5 104830125 13258 1 e5 191185639 21805 1 e5 199688385 17616 -1
1 e5 104830125 2040 1 e5 191185639 3453 1 e5 199698890 7111 -1
1 e5 104835013 8370 1 e5 191191879 15565 1 e5 199688385 9803 -1
-10 e5 104900430 122094 1 e5 191292054 182744 1 e5 219449203 174322 -1
1 e5 104900430 1667 1 e5 191292054 2265 1 e5 219613358 10167 -1
1 e5 104905699 8792 1 e5 191295530 12506 1 e5 219604613 8494 -1
1 e5 104914857 4891 1 e5 191308356 3583 1 e5 219599046 2078 -1
1 e5 104923919 9682 1 e5 191315681 10880 1 e5 219586360 3370 -1
1 e5 105008667 13857 1 e5 191435431 39367 1 e5 219449203 28440 -1
-11 e5 105038628 158095 1 e5 164336101 206595 -1 e5 212687841 216378 1
1 e5 105038628 2015 1 e5 164540843 1853 -1 e5 212687841 1778 1
1 e5 105059409 458 1 e5 164521369 416 -1 e5 212712367 407 1
1 e5 105080218 8757 1 e5 164485518 7894 -1 e5 212748719 7196 1
1 e5 105136097 9665 1 e5 164392873 37131 -1 e5 212823770 8045 1
1 e5 105184069 2340 1 e5 164347828 2372 -1 e5 212888606 2695 1
1 e5 105186723 8034 1 e5 164338291 4251 -1 e5 212898601 3242 1
1 e5 105195826 897 1 e5 164336101 973 -1 e5 212903218 1001 1
-12 e5 105391618 23527 1 e5 193928769 47458 -1 e5 196954322 28427 -1
1 e5 105391618 2570 1 e5 193974430 1797 -1 e5 196980868 1881 -1
1 e5 105401148 1750 1 e5 193946161 1715 -1 e5 196968607 1524 -1
1 e5 105403656 2223 1 e5 193940536 4999 -1 e5 196964906 3334 -1
1 e5 105408571 6574 1 e5 193928769 10319 -1 e5 196954322 3769 -1
-13 e5 105485553 63368 1 e5 193652867 67531 -1 e5 192897980 126779 1
1 e5 105485553 1075 1 e5 193719121 1277 -1 e5 192897980 1311 1
1 e5 105487466 3264 1 e5 193715439 2611 -1 e5 192957146 1052 1
1 e5 105520905 3391 1 e5 193687559 3797 -1 e5 192987389 3548 1
1 e5 105530495 2447 1 e5 193674910 4601 -1 e5 192997627 2074 1
1 e5 105533664 1671 1 e5 193669728 3919 -1 e5 193002591 4393 1
1 e5 105537818 1327 1 e5 193668383 1316 -1 e5 193009920 1183 1
1 e5 105548292 629 1 e5 193652867 858 -1 e5 193023935 824 1
-14 e5 106241975 13537 1 e5 183313388 8373 1 e5 204265051 6940 -1
1 e5 106241975 9273 1 e5 183313388 4478 1 e5 204268758 3233 -1
1 e5 106254330 1182 1 e5 183320575 1186 1 e5 204265051 1264 -1
-15 e5 106424821 709619 1 e5 177467843 887924 -1 e5 202435542 864952 -1
1 e5 106424821 11016 1 e5 178340352 15415 -1 e5 203287224 13270 -1
1 e5 106449308 20100 1 e5 178305983 26158 -1 e5 203258616 19240 -1
1 e5 107128475 1961 1 e5 177475754 2140 -1 e5 202441802 1818 -1
1 e5 107131408 3032 1 e5 177467843 7291 -1 e5 202435542 5506 -1
-16 e5 107138941 148738 1 e5 177275002 189749 -1 e5 223625786 205813 1
1 e5 107138941 5982 1 e5 177457648 7103 -1 e5 223625786 6573 1
1 e5 107162139 6093 1 e5 177428445 3350 -1 e5 223661373 3053 1
1 e5 107175255 14826 1 e5 177412268 2407 -1 e5 223677223 2131 1
1 e5 107279756 887 1 e5 177283382 890 -1 e5 223816654 887 1
1 e5 107282269 5410 1 e5 177275002 6507 -1 e5 223829562 2037 1
-17 e5 107296003 18897 1 e5 175780410 24182 1 e5 193274325 24375 1
1 e5 107296003 1892 1 e5 175780410 518 1 e5 193274325 1474 1
1 e5 107312963 1937 1 e5 175801172 3420 1 e5 193296468 2232 1
-18 e5 107480774 37738 1 e5 182372492 69603 -1 e5 227084307 37440 -1
1 e5 107480774 1729 1 e5 182438173 3922 -1 e5 227120082 1665 -1
1 e5 107515550 2962 1 e5 182372492 21426 -1 e5 227084307 2071 -1
-19 e5 107692745 126727 1 e5 181950916 168779 -1 e5 228743910 114052 1
1 e5 107692745 785 1 e5 182118949 746 -1 e5 228743910 692 1
1 e5 107725003 5762 1 e5 182073037 10297 -1 e5 228773454 4843 1
1 e5 107811894 2345 1 e5 181958425 6402 -1 e5 228849332 2536 1
1 e5 107817381 2091 1 e5 181950916 2808 -1 e5 228855388 2574 1
-20 e5 107847227 39575 1 e5 185358867 50224 -1 e5 227457584 45000 1
1 e5 107847227 3423 1 e5 185404965 4126 -1 e5 227457584 2924 1
1 e5 107884984 1818 1 e5 185358867 2212 -1 e5 227501579 1005 1
-21 e5 107927080 43008 1 e5 168471582 46214 1 e5 211910876 77855 -1
1 e5 107927080 10934 1 e5 168471582 22609 1 e5 211977320 11411 -1
1 e5 107966009 4079 1 e5 168515422 2374 1 e5 211910876 2942 -1
-22 e5 108051914 88519 1 e5 168561216 92592 1 e5 225415948 140774 1
1 e5 108051914 5720 1 e5 168561216 5577 -1 e5 225415948 2962 -1
2 e5 108116025 17235 1 e5 168630565 18232 1 e5 225522802 14717 1
2 e5 108136316 4117 1 e5 168649042 4766 1 e5 225556270 452 1
-23 e5 108162660 96257 1 e5 171242770 91406 1 e5 225590799 110528 1
1 e5 108162660 1533 1 e5 171242770 1562 1 e5 225590799 1827 1
1 e5 108255995 2922 1 e5 171332848 1328 1 e5 225700418 909 1
-24 e5 108962409 61455 1 e5 184334012 110449 -1 e5 213373152 137452 -1
1 e5 108962409 8245 1 e5 184404586 39875 -1 e5 213503928 6676 -1
1 e5 108999173 1041 1 e5 184369268 785 -1 e5 213421488 515 -1
1 e5 109015511 8353 1 e5 184334012 5978 -1 e5 213373152 8487 -1
-25 e5 109389269 230181 1 e5 180719977 407312 -1 e5 227759357 234868 1
1 e5 109389269 5491 1 e5 181120423 6866 -1 e5 227759357 5450 1
1 e5 109403196 2527 1 e5 181103879 6096 -1 e5 227773476 2517 1
1 e5 109463139 1776 1 e5 180987994 20072 -1 e5 227809857 32895 1
1 e5 109524840 2229 1 e5 180866145 19532 -1 e5 227903986 1791 1
1 e5 109546572 1435 1 e5 180841367 2228 -1 e5 227925259 1222 1
1 e5 109570407 1468 1 e5 180777850 2451 -1 e5 227950474 1270 1
1 e5 109612509 6941 1 e5 180719977 14386 -1 e5 227988261 5964 1
-26 e5 109683932 150412 1 e5 172834849 240831 1 e5 215732404 191126 -1
1 e5 109683932 3961 1 e5 172834849 7100 1 e5 215917887 5643 -1
1 e5 109703744 3543 1 e5 172861819 9577 1 e5 215894947 10843 -1
1 e5 109726162 3132 1 e5 172896038 3614 1 e5 215870068 3019 -1
1 e5 109814212 1685 1 e5 173047532 2055 1 e5 215754547 7659 -1
1 e5 109831413 2931 1 e5 173065402 10278 1 e5 215732404 703 -1
-27 e5 110255746 16954 1 e5 165570384 30853 1 e5 215169721 25705 -1
1 e5 110255746 2131 1 e5 165570384 2362 1 e5 215192822 2604 -1
1 e5 110266891 5809 1 e5 165582577 18660 1 e5 215169721 7675 -1
-28 e5 110315843 101150 1 e5 176910097 121885 1 e5 224042848 117484 -1
1 e5 110315843 905 1 e5 176910097 1393 1 e5 224159424 908 -1
1 e5 110319754 4027 1 e5 176915928 3955 1 e5 224152719 1530 -1
1 e5 110333676 1868 1 e5 176930627 8386 1 e5 224135781 16472 -1
1 e5 110415335 1658 1 e5 177030336 1646 1 e5 224042848 1612 -1
-29 e5 110690426 115158 1 e5 171456003 136111 -1 e5 225111227 184407 1
1 e5 110690426 616 1 e5 171580526 11588 -1 e5 225111227 10803 1
1 e5 110701068 2999 1 e5 171574850 3373 -1 e5 225132873 3171 1
1 e5 110704604 4817 1 e5 171569493 4897 -1 e5 225139346 1361 1
1 e5 110710072 2629 1 e5 171563723 5379 -1 e5 225144504 2093 1
1 e5 110741662 12143 1 e5 171518329 37775 -1 e5 225173899 26248 1
1 e5 110802716 2868 1 e5 171456003 3558 -1 e5 225292210 3424 1
-30 e5 111147024 323515 1 e5 192469455 447177 1 e5 197093294 684594 -1
1 e5 111147024 28151 1 e5 192469455 32713 1 e5 197748727 29161 -1
1 e5 111188232 27906 1 e5 192542444 5250 1 e5 197694031 4175 -1
1 e5 111459821 5628 1 e5 192901306 8745 1 e5 197101483 9840 -1
1 e5 111468419 2120 1 e5 192913837 2795 1 e5 197093294 2171 -1
-31 e5 111676347 114272 1 e5 182608618 154706 -1 e5 227256268 114898 -1
1 e5 111676347 16951 1 e5 182741469 21855 -1 e5 227369083 2083 -1
1 e5 111756788 3483 1 e5 182649452 4835 -1 e5 227283669 3979 -1
1 e5 111779090 2824 1 e5 182621968 3296 -1 e5 227261216 2800 -1
1 e5 111782240 3380 1 e5 182617594 3491 -1 e5 227257721 2841 -1
1 e5 111785777 4842 1 e5 182608618 8667 -1 e5 227256268 1159 -1
-32 e5 111902357 592274 1 e5 176023229 749824 1 e5 193528059 867446 1
1 e5 111902357 6886 1 e5 176023229 10053 1 e5 193528059 11626 1
1 e5 111952827 1925 1 e5 176084800 4984 1 e5 193596904 1066 1
1 e5 112108893 2554 1 e5 176245696 8903 1 e5 193750117 23961 1
1 e5 112116318 668 1 e5 176267233 1132 1 e5 193780790 1076 1
1 e5 112122526 8072 1 e5 176275358 29773 1 e5 193788275 45148 1
1 e5 112455912 3031 1 e5 176738805 4062 1 e5 194282207 23592 1
2 e5 112462504 852 1 e5 176743397 1928 1 e5 194328971 1484 1
3 e5 112464036 4372 1 e5 176745562 4641 1 e5 194318420 4545 -1
4 e5 112488858 4526 1 e5 176767254 2781 1 e5 194392501 3004 -1
4 e5 112493598 1033 1 e5 176771859 1194 1 e5 194388351 918 -1
-33 e5 112622734 209659 1 e5 170234392 230757 1 e5 221456461 327372 -1
1 e5 112622734 5069 1 e5 170234392 884 1 e5 221782256 1577 -1
1 e5 112672618 2336 1 e5 170287015 2036 1 e5 221707840 1747 -1
1 e5 112701328 1044 1 e5 170323782 1397 1 e5 221663223 1255 -1
1 e5 112804929 3808 1 e5 170438322 5585 1 e5 221488199 4687 -1
1 e5 112829384 3009 1 e5 170462105 3044 1 e5 221456461 4268 -1
-34 e5 113364175 596291 1 e5 167403928 617645 1 e5 218530636 849514 1
1 e5 113364175 9094 1 e5 167403928 8153 1 e5 218530636 4410 1
1 e5 113416651 3417 1 e5 167461080 11632 1 e5 218613952 15747 1
1 e5 113694097 4928 1 e5 167736406 6834 1 e5 218990847 4338 1
1 e5 113699614 2759 1 e5 167743878 2591 1 e5 219002248 3322 1
1 e5 113736624 869 1 e5 167776397 912 1 e5 219049500 883 1
1 e5 113745099 4129 1 e5 167785612 11928 1 e5 219062827 19311 1
1 e5 113821273 542 1 e5 167861119 728 1 e5 219219778 523 1
1 e5 113823163 2434 1 e5 167863474 2415 1 e5 219222453 2221 1
1 e5 113845067 1762 1 e5 167885735 2694 1 e5 219252219 2721 1
1 e5 113903270 1784 1 e5 167944596 1589 1 e5 219319623 2891 1
1 e5 113915683 5373 1 e5 167959649 4769 1 e5 219337614 1994 1
1 e5 113945363 15103 1 e5 167994574 26999 1 e5 219373292 6858 1
-35 e5 113998001 201817 1 e5 168048049 212922 1 e5 212296344 375141 -1
1 e5 113998001 6476 1 e5 168048049 9816 1 e5 212645763 25722 -1
1 e5 114036977 549 1 e5 168078221 23669 1 e5 212581760 21274 -1
1 e5 114101463 889 1 e5 168158728 1121 1 e5 212437597 840 -1
1 e5 114149366 8246 1 e5 168206339 13281 1 e5 212337702 24233 -1
1 e5 114199060 758 1 e5 168260048 923 1 e5 212296344 734 -1
-36 e5 114466981 12627 1 e5 183764155 9644 1 e5 203743406 13670 -1
1 e5 114466981 5588 1 e5 183764155 3396 1 e5 203754124 2952 -1
1 e5 114476338 3270 1 e5 183772233 1566 1 e5 203743406 1382 -1
-37 e5 114481646 11052 1 e5 162413563 32239 1 e5 207947918 36923 1
1 e5 114481646 543 1 e5 162413563 1975 1 e5 207947918 6363 1
1 e5 114485694 2031 1 e5 162419629 3088 1 e5 207956336 2304 1
1 e5 114488064 2135 1 e5 162422927 2740 1 e5 207959065 2521 1
1 e5 114492362 336 1 e5 162427211 18591 1 e5 207962978 21863 1
-38 e5 114552028 14141 1 e5 173844878 16488 1 e5 219652243 25934 -1
1 e5 114552028 1482 1 e5 173844878 1840 1 e5 219676401 1776 -1
1 e5 114554692 11477 1 e5 173847714 13652 1 e5 219652243 22052 -1
-39 e5 114576556 116585 1 e5 170077697 127447 1 e5 221825162 181281 -1
1 e5 114576556 766 1 e5 170077697 1682 1 e5 222005439 1004 -1
1 e5 114613950 1157 1 e5 170119202 1031 1 e5 221949571 5032 -1
1 e5 114617842 2803 1 e5 170124515 1295 1 e5 221941310 1352 -1
1 e5 114648774 2077 1 e5 170152430 8888 1 e5 221889091 1855 -1
1 e5 114664881 6619 1 e5 170187315 4045 1 e5 221841646 5496 -1
1 e5 114673318 19823 1 e5 170200703 4441 1 e5 221825162 2786 -1
-40 e5 114753628 511165 1 e5 185427729 692278 -1 e5 194425895 688568 1
1 e5 114753628 2211 1 e5 186117705 2302 -1 e5 194425895 2202 1
1 e5 114756388 2698 1 e5 186083167 2604 -1 e5 194433888 2519 1
1 e5 114803680 1104 1 e5 186026496 1340 -1 e5 194506699 1102 1
1 e5 114809248 4456 1 e5 186019711 2455 -1 e5 194512645 1865 1
1 e5 114814990 1691 1 e5 186013491 1715 -1 e5 194520086 2081 1
1 e5 114821934 920 1 e5 185996130 3474 -1 e5 194528185 790 1
1 e5 114826834 1023 1 e5 185992523 1667 -1 e5 194536443 1021 1
1 e5 115216658 2054 1 e5 185521525 12672 -1 e5 195025204 2651 1
1 e5 115252638 2407 1 e5 185440021 1398 -1 e5 195099919 823 1
1 e5 115262482 2311 1 e5 185427729 3092 -1 e5 195112209 2254 1
-41 e5 115427934 26707 1 e5 181552358 28801 -1 e5 229030391 33292 1
1 e5 115427934 10614 1 e5 181577609 3550 -1 e5 229030391 2882 1
1 e5 115450852 735 1 e5 181555047 1073 -1 e5 229060009 1064 1
1 e5 115451831 2810 1 e5 181552358 2604 -1 e5 229061584 2099 1
-42 e5 115507242 86737 1 e5 181350562 114848 -1 e5 202307641 124353 -1
1 e5 115507242 5840 1 e5 181459896 5514 -1 e5 202425470 6524 -1
1 e5 115517241 12080 1 e5 181442922 9187 -1 e5 202409344 1981 -1
1 e5 115532130 1184 1 e5 181423784 1262 -1 e5 202384090 1244 -1
1 e5 115558591 2172 1 e5 181385304 2675 -1 e5 202348046 1615 -1
1 e5 115591497 2482 1 e5 181350562 4685 -1 e5 202307641 2423 -1
-43 e5 116015820 184962 1 e5 174608563 229468 -1 e5 204977769 209984 -1
1 e5 116015820 1871 1 e5 174834190 3841 -1 e5 205184296 3457 -1
1 e5 116018536 1685 1 e5 174828318 1828 -1 e5 205182053 1951 -1
1 e5 116041351 849 1 e5 174778811 28918 -1 e5 205149259 24124 -1
1 e5 116187763 419 1 e5 174625384 440 -1 e5 204993634 23046 -1
1 e5 116199672 1110 1 e5 174608563 3977 -1 e5 204977769 1139 -1
-44 e5 116221116 26740 1 e5 184299611 32010 1 e5 226004374 31518 1
1 e5 116221116 1121 1 e5 184299611 2560 1 e5 226004374 1132 1
1 e5 116224894 6425 1 e5 184303568 7721 1 e5 226010601 5964 1
1 e5 116237558 10298 1 e5 184317330 14291 1 e5 226029764 6128 1
-45 e5 116844813 13049 1 e5 189296247 14103 1 e5 228168679 10850 -1
1 e5 116844813 3419 1 e5 189296247 675 1 e5 228178876 653 -1
1 e5 116848265 476 1 e5 189298736 704 1 e5 228176626 472 -1
1 e5 116856852 1010 1 e5 189309470 880 1 e5 228168679 892 -1
-46 e5 116902219 25407 1 e5 180422854 31726 1 e5 228083924 44650 -1
1 e5 116902219 664 1 e5 180422854 3158 1 e5 228128097 477 -1
1 e5 116920659 6967 1 e5 180448621 5959 1 e5 228083924 23312 -1
-47 e5 117133263 46923 1 e5 162721125 61165 -1 e5 208365922 62734 -1
1 e5 117133263 1824 1 e5 162780178 2112 -1 e5 208427221 1435 -1
1 e5 117174677 5509 1 e5 162721125 18719 -1 e5 208365922 12462 -1
-48 e5 117644242 174009 1 e5 161725656 194876 1 e5 207261445 181003 1
1 e5 117644242 1542 1 e5 161725656 5426 1 e5 207261445 6728 1
1 e5 117655679 6580 1 e5 161740005 9721 1 e5 207279376 5035 1
1 e5 117717090 8071 1 e5 161828922 14753 1 e5 207345217 8443 1
1 e5 117739116 4422 1 e5 161858687 4182 1 e5 207374349 2644 1
1 e5 117743795 635 1 e5 161864469 599 1 e5 207382280 605 1
1 e5 117754719 2362 1 e5 161876360 2871 1 e5 207395232 2261 1
1 e5 117762064 1518 1 e5 161885334 2448 1 e5 207405444 1804 1
1 e5 117791162 10313 1 e5 161892488 3053 1 e5 207413123 10787 1
1 e5 117809481 1462 1 e5 161911627 2224 1 e5 207434238 1538 1
1 e5 117813785 4466 1 e5 161915432 5100 1 e5 207436269 6179 1
-49 e5 118531942 137666 1 e5 187115355 186196 1 e5 226367509 159917 1
1 e5 118531942 4627 1 e5 187115355 12980 1 e5 226367509 4154 1
1 e5 118579518 4841 1 e5 187161326 9762 1 e5 226416844 3267 1
1 e5 118626645 9731 1 e5 187224783 7146 1 e5 226481140 6493 1
1 e5 118667511 2097 1 e5 187299070 2481 1 e5 226525343 2083 1
-50 e5 118670544 336726 1 e5 187302590 460331 1 e5 199831682 459628 1
1 e5 118670544 1058 1 e5 187302590 1315 1 e5 199831682 1149 1
1 e5 118687798 1049 1 e5 187323861 7635 1 e5 199855179 824 1
1 e5 118760877 4525 1 e5 187433903 3174 1 e5 199952827 3625 1
1 e5 118771394 3861 1 e5 187448949 3875 1 e5 199971931 3711 1
1 e5 118794435 14555 1 e5 187485487 9312 1 e5 200008689 8605 1
1 e5 118811728 15707 1 e5 187518369 7531 1 e5 200054020 3729 1
1 e5 118829219 6025 1 e5 187527883 7769 1 e5 200062110 5584 1
1 e5 118873109 3101 1 e5 187583302 8834 1 e5 200099116 15457 1
1 e5 118876601 904 1 e5 187595082 917 1 e5 200114643 1179 1
1 e5 118982045 7386 1 e5 187728666 15774 1 e5 200250355 14358 1
1 e5 119006413 857 1 e5 187761910 1011 1 e5 200290382 928 1
-51 e5 119224009 120925 1 e5 177130525 136214 -1 e5 223840383 122697 1
1 e5 119224009 1538 1 e5 177255259 11480 -1 e5 223840383 8824 1
1 e5 119231811 785 1 e5 177243585 1056 -1 e5 223855610 2871 1
1 e5 119253952 1325 1 e5 177221079 1412 -1 e5 223882489 1427 1
1 e5 119344015 919 1 e5 177130525 2769 -1 e5 223962057 1023 1
-52 e5 119441360 12708 1 e5 170742249 14662 -1 e5 220886005 8876 1
1 e5 119441360 884 1 e5 170755941 970 -1 e5 220886005 975 1
1 e5 119442407 11661 1 e5 170742249 11813 -1 e5 220889637 5244 1
-53 e5 119652708 412860 1 e5 164596441 411701 -1 e5 197800890 719151 -1
1 e5 119652708 2112 1 e5 165005998 2144 -1 e5 198515630 4411 -1
1 e5 119724459 5125 1 e5 164936203 15412 -1 e5 198425832 6504 -1
1 e5 119823331 2563 1 e5 164841184 2660 -1 e5 198305634 1819 -1
1 e5 119826944 2881 1 e5 164837251 2863 -1 e5 198297743 3307 -1
1 e5 119930515 2072 1 e5 164727821 6090 -1 e5 198158529 1625 -1
1 e5 119961347 2034 1 e5 164705278 2545 -1 e5 198065009 2475 -1
1 e5 119963782 2207 1 e5 164703734 1273 -1 e5 198060434 1174 -1
1 e5 120016943 1906 1 e5 164649454 29834 -1 e5 197984726 45397 -1
1 e5 120047283 3275 1 e5 164607688 7543 -1 e5 197832068 2651 -1
1 e5 120060734 4834 1 e5 164596441 4309 -1 e5 197800890 6089 -1
-54 e5 120076383 38977 1 e5 164543540 42827 -1 e5 196297392 60872 1
1 e5 120076383 1520 1 e5 164584575 1792 -1 e5 196297392 1290 1
1 e5 120104916 10444 1 e5 164543540 7408 -1 e5 196352680 5584 1
-55 e5 120334118 35634 1 e5 174025890 10327 1 e5 195896216 24089 -1
1 e5 120334118 30773 1 e5 174025890 4389 1 e5 195903128 17177 -1
1 e5 120368572 1180 1 e5 174034789 1428 1 e5 195896216 1369 -1
-56 e5 120538189 329857 1 e5 174217360 383798 1 e5 204624142 344358 1
1 e5 120538189 4004 1 e5 174217360 15090 1 e5 204624142 10431 1
1 e5 120614291 1481 1 e5 174320482 1400 1 e5 204707845 1019 1
1 e5 120805087 6716 1 e5 174533820 3506 1 e5 204899423 792 1
1 e5 120819098 2024 1 e5 174546345 1970 1 e5 204913903 1796 1
1 e5 120852364 3005 1 e5 174577836 9110 1 e5 204949517 1626 1
1 e5 120857719 859 1 e5 174587191 4310 1 e5 204954567 4021 1
1 e5 120865089 2957 1 e5 174597574 3584 1 e5 204963618 4882 1
-57 e5 120900289 6759 1 e5 184254182 8481 -1 e5 225962285 8666 -1
1 e5 120900289 2853 1 e5 184258846 3817 -1 e5 225966613 4338 -1
1 e5 120906248 800 1 e5 184254182 1287 -1 e5 225962285 1233 -1
-58 e5 121154751 97114 1 e5 183819301 146349 -1 e5 205645311 104327 1
1 e5 121154751 1749 1 e5 183963984 1666 -1 e5 205645311 1563 1
1 e5 121159287 3349 1 e5 183953919 3089 -1 e5 205651624 3720 1
1 e5 121207121 924 1 e5 183896380 5353 -1 e5 205702006 32583 1
1 e5 121247880 1385 1 e5 183845378 8901 -1 e5 205745405 1409 1
1 e5 121249983 1882 1 e5 183819301 2703 -1 e5 205749051 587 1
-59 e5 121640697 47302 1 e5 163764113 55509 -1 e5 226082643 52832 1
1 e5 121640697 6872 1 e5 163812488 7134 -1 e5 226082643 6852 1
1 e5 121672373 15626 1 e5 163764113 23703 -1 e5 226116555 18920 1
-60 e5 121812584 143314 1 e5 170574925 153177 -1 e5 220924121 241683 1
1 e5 121812584 6211 1 e5 170724573 3529 -1 e5 220924121 4767 1
1 e5 121821415 2444 1 e5 170717913 2249 -1 e5 220938619 1043 1
1 e5 121826369 16990 1 e5 170712099 3543 -1 e5 220948830 1280 1
1 e5 121882631 4936 1 e5 170656094 4828 -1 e5 221030286 4682 1
1 e5 121913253 2033 1 e5 170628676 2011 -1 e5 221073293 1906 1
1 e5 121917244 3194 1 e5 170623020 4037 -1 e5 221078573 3917 1
1 e5 121922227 11780 1 e5 170609673 12960 -1 e5 221121360 3913 1
1 e5 121934218 1542 1 e5 170606731 1775 -1 e5 221130030 1583 1
1 e5 121954718 1180 1 e5 170574925 6408 -1 e5 221160431 5373 1
-61 e5 122279755 97691 1 e5 163177278 92663 -1 e5 199203361 93145 1
1 e5 122279755 3544 1 e5 163245463 24478 -1 e5 199203361 16169 1
1 e5 122369849 7597 1 e5 163177278 8631 -1 e5 199293904 2602 1
-62 e5 123074767 15929 1 e5 172224527 16427 -1 e5 214901285 17945 -1
1 e5 123074767 6060 1 e5 172232553 8401 -1 e5 214912849 6381 -1
1 e5 123089118 1578 1 e5 172224527 1520 -1 e5 214901285 1374 -1
-63 e5 123106169 160131 1 e5 175059870 175103 -1 e5 225799919 159918 1
1 e5 123106169 814 1 e5 175233919 1054 -1 e5 225799919 1061 1
1 e5 123108774 7364 1 e5 175223695 7331 -1 e5 225803966 28432 1
1 e5 123169328 2513 1 e5 175160206 2504 -1 e5 225870463 1122 1
1 e5 123172025 7116 1 e5 175141017 15080 -1 e5 225877328 9928 1
1 e5 123213493 644 1 e5 175112699 2164 -1 e5 225916635 606 1
1 e5 123227086 689 1 e5 175095820 1142 -1 e5 225929153 599 1
1 e5 123253363 1037 1 e5 175070022 1010 -1 e5 225949366 794 1
1 e5 123259666 4908 1 e5 175062056 7585 -1 e5 225952474 4686 1
1 e5 123264958 1342 1 e5 175059870 1293 -1 e5 225958641 1196 1
-64 e5 123295126 113123 1 e5 174893621 119950 -1 e5 205238192 113292 -1
1 e5 123295126 8382 1 e5 175008596 4975 -1 e5 205344640 6844 -1
1 e5 123349895 5725 1 e5 174956274 4021 -1 e5 205291401 2583 -1
1 e5 123358841 4399 1 e5 174947054 5688 -1 e5 205280769 5208 -1
1 e5 123366224 18676 1 e5 174925449 20171 -1 e5 205256781 20175 -1
1 e5 123407256 993 1 e5 174893621 914 -1 e5 205238192 983 -1
-65 e5 123512358 41176 1 e5 194388278 48187 1 e5 209412634 59083 1
1 e5 123512358 6867 1 e5 194388278 7381 1 e5 209412634 20477 1
1 e5 123552544 990 1 e5 194434734 1731 1 e5 209445500 26217 1
-66 e5 123631278 64930 1 e5 189539020 94706 1 e5 209574046 107228 1
1 e5 123631278 1296 1 e5 189539020 1559 1 e5 209574046 1285 1
1 e5 123686769 9439 1 e5 189606106 27620 1 e5 209650295 30979 1
-67 e5 124024447 205965 1 e5 197654081 223949 -1 e5 191895162 299292 -1
1 e5 124024447 2332 1 e5 197874764 3266 -1 e5 192192114 2340 -1
1 e5 124059397 814 1 e5 197827410 1178 -1 e5 192138527 1217 -1
1 e5 124063401 954 1 e5 197820943 1638 -1 e5 192131039 962 -1
1 e5 124154998 2685 1 e5 197746028 2814 -1 e5 192015448 2649 -1
1 e5 124192146 11942 1 e5 197706316 1331 -1 e5 191928745 1073 -1
1 e5 124208001 1447 1 e5 197681023 2951 -1 e5 191914697 2249 -1
1 e5 124223533 6879 1 e5 197654081 11495 -1 e5 191895162 8214 -1
-68 e5 124242689 7365 1 e5 175243884 8589 1 e5 225787397 4467 -1
1 e5 124242689 968 1 e5 175243884 1049 1 e5 225790875 989 -1
1 e5 124245305 4749 1 e5 175247910 4563 1 e5 225787397 1553 -1
-69 e5 124299888 28769 1 e5 175329827 24373 1 e5 211784174 27713 -1
1 e5 124299888 1578 1 e5 175329827 2387 1 e5 211810488 1399 -1
1 e5 124317208 4701 1 e5 175336737 8747 1 e5 211798730 4143 -1
1 e5 124323528 5129 1 e5 175346737 7463 1 e5 211784174 13760 -1
-70 e5 125126811 54989 1 e5 190278553 45151 -1 e5 210387000 65664 -1
1 e5 125126811 1166 1 e5 190323023 681 -1 e5 210451806 858 -1
2 e5 125177954 1274 1 e5 190281326 1497 -1 e5 210389443 1326 1
3 e5 125180379 1421 1 e5 190278553 2353 -1 e5 210387000 2002 -1
-71 e5 125247717 76486 1 e5 164195146 123427 1 e5 212921543 86854 -1
1 e5 125247717 8124 1 e5 164195146 29416 1 e5 212997679 10718 -1
1 e5 125287441 3993 1 e5 164273806 4720 1 e5 212955181 4744 -1
1 e5 125291809 2578 1 e5 164279398 2177 1 e5 212952066 1847 -1
1 e5 125294775 2026 1 e5 164281818 2438 1 e5 212948878 2657 -1
1 e5 125307950 2014 1 e5 164292968 2438 1 e5 212936994 1974 -1
1 e5 125317111 7092 1 e5 164313899 4674 1 e5 212921543 6408 -1
-72 e5 125324614 15934 1 e5 173828836 15599 -1 e5 219678723 18910 1
1 e5 125324614 1702 1 e5 173842482 1953 -1 e5 219678723 1474 1
1 e5 125333043 7505 1 e5 173828836 7755 -1 e5 219693268 4365 1
-73 e5 125684986 362883 1 e5 189786130 395010 1 e5 209871544 405543 1
1 e5 125684986 17294 1 e5 189786130 23681 1 e5 209871544 64351 1
1 e5 125734657 5733 1 e5 189848084 8596 1 e5 209948971 26459 1
1 e5 125756834 1229 1 e5 189867940 1651 1 e5 209976585 2010 1
1 e5 125758373 7048 1 e5 189874272 2562 1 e5 209982033 2047 1
1 e5 125766946 673 1 e5 189880843 867 1 e5 209987777 838 1
1 e5 125932743 1937 1 e5 190064885 1943 1 e5 210159231 2000 1
1 e5 126044495 3374 1 e5 190179521 1619 1 e5 210275106 1981 1
-74 e5 126108037 60283 1 e5 197568568 65453 -1 e5 191832099 57248 -1
1 e5 126108037 1496 1 e5 197632237 1784 -1 e5 191888061 1286 -1
1 e5 126110037 1757 1 e5 197625812 2141 -1 e5 191885525 2221 -1
1 e5 126166777 1543 1 e5 197568568 5296 -1 e5 191832099 1410 -1
-75 e5 126233013 34821 1 e5 195170458 29762 1 e5 200318364 53832 -1
1 e5 126233013 1776 1 e5 195170458 1986 1 e5 200371137 1059 -1
1 e5 126254619 2626 1 e5 195187519 3277 1 e5 200342184 2744 -1
1 e5 126266372 1462 1 e5 195198851 1369 1 e5 200318364 1195 -1
-76 e5 126283851 341325 1 e5 195217251 346777 1 e5 201309817 388434 1
1 e5 126283851 2627 1 e5 195217251 2274 1 e5 201309817 1926 1
1 e5 126296140 1013 1 e5 195219848 976 1 e5 201313406 1080 1
1 e5 126327765 2657 1 e5 195267381 2318 1 e5 201347661 2189 1
1 e5 126411896 22892 1 e5 195372159 1866 1 e5 201445268 24596 1
1 e5 126439136 1077 1 e5 195378488 1085 1 e5 201478279 1086 1
1 e5 126546619 24411 1 e5 195503985 2366 1 e5 201630144 880 1
1 e5 126620277 4899 1 e5 195557733 6295 1 e5 201694518 3733 1
-77 e5 126889195 12442 1 e5 198332552 12680 -1 e5 189688383 64961 1
1 e5 126889195 2644 1 e5 198342363 2869 -1 e5 189688383 9477 -1
2 e5 126894134 7503 1 e5 198332552 9390 -1 e5 189752182 1162 1
-78 e5 127039809 60395 1 e5 191653980 18534 -1 e5 196567952 21758 -1
1 e5 127039809 3522 1 e5 191668599 3915 -1 e5 196583613 6097 -1
1 e5 127091586 4225 1 e5 191658732 9352 -1 e5 196573056 9574 -1
1 e5 127097890 2314 1 e5 191653980 2530 -1 e5 196567952 2163 -1
-79 e5 127756351 191894 1 e5 179102912 230425 -1 e5 206050981 209519 -1
1 e5 127756351 3384 1 e5 179332388 949 -1 e5 206259545 955 -1
1 e5 127766930 4532 1 e5 179307218 10897 -1 e5 206245526 2731 -1
1 e5 127797463 7516 1 e5 179282379 4254 -1 e5 206214457 6469 -1
1 e5 127828102 4426 1 e5 179244466 3112 -1 e5 206182681 4177 -1
1 e5 127836566 5792 1 e5 179233324 5586 -1 e5 206168144 3104 -1
1 e5 127845757 976 1 e5 179228927 1156 -1 e5 206163294 1113 -1
1 e5 127852625 3386 1 e5 179217407 9979 -1 e5 206150462 4406 -1
1 e5 127864966 634 1 e5 179214098 1378 -1 e5 206146590 1533 -1
1 e5 127897131 2539 1 e5 179151577 1209 -1 e5 206105042 4735 -1
1 e5 127903997 8639 1 e5 179137844 8413 -1 e5 206092195 7827 -1
1 e5 127914248 13391 1 e5 179122120 15390 -1 e5 206081140 7635 -1
1 e5 127930932 1510 1 e5 179117707 1828 -1 e5 206068362 1815 -1
1 e5 127947069 1176 1 e5 179102912 5943 -1 e5 206050981 5747 -1
-80 e5 128051119 4448 1 e5 178968179 11078 -1 e5 205941168 4004 1
1 e5 128051119 3068 1 e5 178973037 6220 -1 e5 205941168 2785 1
1 e5 128054546 1021 1 e5 178968179 4833 -1 e5 205944230 942 1
-81 e5 128927721 21237 1 e5 172180467 17446 -1 e5 214834990 55914 -1
1 e5 128927721 3972 1 e5 172194618 3295 -1 e5 214871150 19754 -1
2 e5 128943895 5063 1 e5 172180467 7003 1 e5 214834990 6067 1
-82 e5 128952548 325246 1 e5 191859958 392688 -1 e5 208448745 452550 1
1 e5 128952548 949 1 e5 192250707 1939 -1 e5 208448745 461 1
1 e5 128993067 860 1 e5 192197318 1540 -1 e5 208503279 958 1
1 e5 129003453 3499 1 e5 192182723 3766 -1 e5 208517923 3332 1
1 e5 129007268 4187 1 e5 192176039 6234 -1 e5 208522320 4701 1
1 e5 129012578 2437 1 e5 192173005 3029 -1 e5 208529896 966 1
1 e5 129020665 6796 1 e5 192161010 5891 -1 e5 208539610 5215 1
1 e5 129056537 395 1 e5 192112247 798 -1 e5 208587073 408 1
1 e5 129066068 5995 1 e5 192087570 10841 -1 e5 208609704 4248 1
1 e5 129087408 1815 1 e5 192069059 13309 -1 e5 208634707 1618 1
1 e5 129092274 2140 1 e5 192064348 2505 -1 e5 208640414 4151 1
1 e5 129098369 2915 1 e5 192057117 2942 -1 e5 208649738 2915 1
1 e5 129104716 1951 1 e5 192051037 5549 -1 e5 208654351 6655 1
1 e5 129174139 7689 1 e5 191975355 9727 -1 e5 208737379 10760 1
1 e5 129184606 1608 1 e5 191969366 4636 -1 e5 208751030 954 1
1 e5 129212725 7688 1 e5 191936131 13536 -1 e5 208783059 9428 1
1 e5 129275700 2094 1 e5 191859958 6896 -1 e5 208894118 7177 1
-83 e5 130023751 134429 1 e5 196992924 104626 1 e5 188602470 184427 -1
1 e5 130023751 46290 1 e5 196992924 4751 1 e5 188721231 65666 -1
1 e5 130153261 595 1 e5 197086910 899 1 e5 188629872 917 -1
1 e5 130155102 3078 1 e5 197088922 8628 1 e5 188602470 18953 -1
-84 e5 130428916 16077 1 e5 197375931 33039 1 e5 190657902 16197 1
1 e5 130428916 3251 1 e5 197375931 5530 1 e5 190657902 4165 1
1 e5 130443553 1440 1 e5 197406800 2170 1 e5 190672930 1169 1
-85 e5 130632799 13323 1 e5 197546781 16228 1 e5 190971720 7953 -1
1 e5 130632799 1845 1 e5 197546781 3723 1 e5 190977784 1889 -1
1 e5 130642214 3908 1 e5 197559170 3839 1 e5 190971720 3689 -1
-86 e5 130648662 50993 1 e5 195010227 89246 -1 e5 190881395 86309 -1
1 e5 130648662 5349 1 e5 195093997 5476 -1 e5 190962989 4715 -1
1 e5 130683573 16082 1 e5 195010227 23654 -1 e5 190881395 28356 -1
-87 e5 130947471 18029 1 e5 194694307 34090 -1 e5 191112502 28647 1
1 e5 130947471 7449 1 e5 194710259 18138 -1 e5 191112502 14436 1
1 e5 130955405 2636 1 e5 194703367 2850 -1 e5 191127178 2673 1
1 e5 130958591 6909 1 e5 194694307 8243 -1 e5 191139235 1914 1
-88 e5 131675301 115497 1 e5 196013157 112306 -1 e5 191657195 171971 1
1 e5 131675301 2063 1 e5 196123433 2030 -1 e5 191657195 28469 1
1 e5 131690197 772 1 e5 196113476 1083 -1 e5 191701425 910 1
1 e5 131780558 3466 1 e5 196024425 3829 -1 e5 191819142 3481 1
1 e5 131784655 6143 1 e5 196013157 7698 -1 e5 191823714 5452 1
-89 e5 131800407 111878 1 e5 198024207 108225 -1 e5 200445623 126325 1
1 e5 131800407 9194 1 e5 198118411 14021 -1 e5 200445623 10087 1
1 e5 131880623 2160 1 e5 198057678 2328 -1 e5 200533062 2379 1
1 e5 131905439 6846 1 e5 198024207 11487 -1 e5 200560329 11619 1
-90 e5 133612904 123772 1 e5 198614282 126562 -1 e5 190128490 154067 1
1 e5 133612904 3615 1 e5 198734914 5930 -1 e5 190128490 5718 1
1 e5 133700385 6444 1 e5 198643957 5959 -1 e5 190219910 11227 1
1 e5 133734135 2541 1 e5 198614282 3700 -1 e5 190277836 4721 1
