# Options:
# Macrorearrangements
>genome1
# Chromosome 2L
1 2 3 4 5 6 7 8 9 10 11 12 13 14 15 16 17 18 19 20 21 22 23 24 25 26 27 28 29 30 31 32 33 34 35 36 37 38 39 40 41 42 43 44 45 46 47 48 49 50 51 52 53 54 55 56 57 58 59 60 61 62 $
# Chromosome 2R
63 64 65 66 67 68 69 70 71 72 73 74 75 76 77 78 79 80 81 82 83 84 85 86 87 88 89 90 91 92 93 94 95 96 97 98 99 100 101 $
# Chromosome 3L
102 103 104 105 106 107 108 109 110 111 112 113 114 115 116 117 118 119 120 121 122 123 124 125 126 127 128 129 130 131 132 133 134 135 136 137 138 139 140 141 142 143 144 145 146 147 148 149 150 151 152 153 154 155 156 157 158 159 160 161 162 $
# Chromosome 3R
163 164 165 166 167 168 169 170 171 172 173 174 175 176 177 178 179 180 181 182 183 184 185 186 187 188 189 190 191 192 193 194 195 196 197 198 199 200 201 202 203 204 205 206 207 208 209 210 211 212 213 214 215 216 217 218 219 220 221 222 223 224 $
# Chromosome X
225 226 227 228 229 230 231 232 233 234 235 236 237 238 239 240 241 242 243 244 245 246 247 248 249 250 251 252 253 254 255 256 257 258 259 260 261 262 263 264 265 266 267 268 269 270 271 $
>genome2
# Chromosome 2L
146 131 132 -115 -151 110 111 112 122 123 124 -148 118 116 156 -135 -129 -128 119 120 -149 -153 -144 -139 152 -140 145 -108 130 127 113 114 147 -125 -117 -155 -154 142 137 -141 109 121 134 -105 -133 -102 107 104 -106 -138 150 -157 136 158 159 160 161 -162 -143 -103 -126 $
# Chromosome 2R
-60 -59 -58 61 62 47 -32 -53 26 -42 48 49 -4 28 -55 25 23 -43 20 24 -57 -8 -7 -6 27 15 -33 -18 44 39 -10 -38 -29 34 35 16 -5 11 -50 -9 -56 21 22 -52 -51 3 -36 31 54 13 12 41 17 14 -37 -30 -19 45 46 40 1 -98 -99 -100 -101 -2 $
# Chromosome 3L
200 -196 223 219 -173 -168 187 188 178 179 -165 -164 -167 191 185 -211 -210 -202 163 -166 180 -183 -220 190 203 204 -194 -193 -214 -213 217 218 201 -221 198 199 212 -182 -176 -184 174 175 209 -186 189 -206 -205 195 -181 -177 -192 169 170 222 207 208 197 216 171 172 215 224 $
# Chromosome 3R
-66 -65 -64 -63 67 -79 69 70 71 72 -81 78 -88 84 85 91 -73 -92 -86 -96 83 95 94 82 -93 76 68 74 75 87 -77 80 -90 -89 97 $
# Chromosome X
239 -262 266 263 -225 -267 -240 -269 -227 265 251 249 235 231 -261 233 234 -248 -247 -259 268 253 -255 -254 250 -260 -264 -245 -238 244 257 228 271 -256 -270 -252 -241 242 243 -229 230 236 -237 258 -232 246 226 $
>genome3
# Chromosome 2L
126 121 -135 106 -104 -107 102 105 -134 -156 103 114 -160 -127 -130 108 109 -116 -113 -155 151 115 -132 -122 -112 -138 150 -157 -118 148 117 125 -147 159 129 133 158 -124 110 -146 -145 140 141 -137 -128 119 143 162 -161 -154 142 131 123 -136 -111 -120 -149 153 -152 139 144 $
# Chromosome 2R
-66 64 65 -63 67 71 70 -88 -79 69 72 -81 -80 77 -87 -91 -85 -84 -78 74 -68 86 -73 75 -92 83 94 82 95 96 -76 93 -90 -89 97 $
# Chromosome 3L
224 192 174 -203 -189 186 -209 -175 204 -194 -193 -214 206 -221 200 215 216 -201 -218 -178 -188 172 173 -219 -223 -181 -168 187 -171 -190 220 -222 202 210 199 212 211 -185 -191 167 164 169 170 183 179 180 -217 213 -205 195 196 207 -176 -184 177 182 -198 -197 -208 165 163 -166 $
# Chromosome 3R
-17 -41 -61 58 60 59 14 -37 -30 44 39 -10 -9 -56 20 24 -57 -8 -50 -49 19 -40 -12 -11 5 -16 -35 -21 -45 3 51 -52 -22 -34 29 38 -7 -6 48 42 -26 53 32 -47 -62 -18 46 33 -15 -27 25 23 -43 -4 28 -55 -36 31 54 13 1 2 101 100 99 98 $
# Chromosome X
250 -270 -252 -241 242 243 -253 233 260 261 231 271 -256 -255 -228 -248 262 -246 -226 -235 245 264 -227 263 234 -247 265 267 225 257 -251 -249 -232 -254 -259 -229 266 239 236 -237 258 -238 -230 -244 268 269 240 $
>genome4
# Chromosome 2L
-155 -148 118 -106 135 -156 -116 -104 -107 102 -136 157 -150 138 -103 -126 -108 130 127 113 114 147 -125 -117 143 162 -161 -160 -159 -158 133 105 -134 -121 -109 131 132 -115 -151 110 111 112 122 123 124 -144 -139 152 153 149 -120 -154 142 137 -141 -140 145 146 -129 -128 119 $
# Chromosome 2R
-60 -59 -58 61 62 47 -32 -53 26 -42 48 49 50 -11 5 -16 -35 -34 29 38 43 -23 -25 55 -28 4 45 46 40 -6 27 15 -33 41 17 14 -37 -8 -7 -9 -56 21 22 52 -51 3 -36 31 54 13 12 20 24 -57 -30 -1 10 -39 -44 18 19 -98 -99 -100 -101 -2 $
# Chromosome 3L
-224 200 187 188 170 222 -168 -216 -215 221 -201 -218 184 176 223 219 -173 -172 -171 181 194 -204 -203 -190 220 174 175 209 -186 189 -206 -205 195 196 -217 213 214 193 185 -211 -210 -202 183 -180 166 -163 -191 167 164 165 -179 -178 -169 192 177 182 -212 -199 -198 -197 -208 -207 $
# Chromosome 3R
65 66 -64 -63 67 -79 69 70 71 72 -81 -80 77 -87 -75 -74 -83 96 -92 -86 88 -78 -95 73 89 85 91 -68 -76 93 -82 -94 84 90 97 $
# Chromosome X
-242 253 -255 -254 250 -259 268 230 238 -235 -249 -257 -244 251 261 -239 -262 266 229 -243 241 252 270 256 -271 -228 247 248 245 264 260 231 233 234 -258 237 -236 -246 -240 -269 -227 265 -226 267 225 -263 232 $
